117.83984564752808 29.899885177612305 8.0
-152.1870603777791 21.89535140991211 8.0
147.38544306492548 32.77490997314453 8.0
113.72722356315109 24.656721115112305 8.0
124.0378679484124 31.98904037475586 8.0
101.715378340179 30.43247604370117 8.0
146.30781149080445 33.13614273071289 8.0
57.863480121935886 27.882755279541016 8.0
116.09802644072568 33.470458984375 8.0
94.78295100322404 29.55344581604004 8.0
116.70269742051693 29.17410469055176 8.0
-178.83930348061978 21.91704559326172 8.0
72.09299226464742 29.82389640808105 8.0
27.7905785322114 22.09654998779297 8.0
61.44383517543135 28.804244995117188 8.0
80.85716999072724 31.363489151000977 8.0
160.55373694387163 32.46611785888672 8.0
168.2024970889413 19.453702926635746 8.0
142.9146248491068 31.15656852722168 8.0
32.051724553660954 24.70674514770508 8.0
111.2476400247249 32.413238525390625 8.0
150.5362585892339 30.36834716796875 8.0
144.9898457459881 33.535831451416016 8.0
54.56576659206767 24.56400680541992 8.0
130.85364712373928 33.02582550048828 8.0
105.61885417303584 23.930599212646484 8.0
118.6364823840102 29.58185195922852 8.0
166.6631133799122 22.0618953704834 8.0
68.52276728450505 30.631067276000977 8.0
47.40089670542795 21.53908348083496 8.0
67.8883248027244 30.69842529296875 8.0
57.97495571573689 30.083255767822266 8.0
-125.65329127041151 30.46078491210937 8.0
168.30636052766948 18.651185989379883 8.0
-179.55609793328864 32.00978088378906 8.0
7.942111325324621 20.91895294189453 8.0
147.5325037804442 33.031925201416016 8.0
-135.42126530020144 29.464868545532227 8.0
159.8844824793981 32.15572738647461 8.0
3.343709414043915 25.78751373291016 8.0
171.01550584628413 30.55325698852539 8.0
98.18299910147876 23.362058639526367 8.0
112.96346080638835 26.993616104125977 8.0
-179.4155091435051 20.98190116882324 8.0
78.41039531016355 30.49816131591797 8.0
39.36139975751577 23.53710174560547 8.0
72.22040254427863 28.83896255493164 8.0
60.00589552885584 27.225547790527344 8.0
-178.62158622285855 30.87704849243164 8.0
166.41768466374867 16.877540588378906 8.0
167.84835477629346 33.29454040527344 8.0
-3.3226845542664614 23.72886657714844 8.0
127.26694215208607 32.80594253540039 8.0
-137.9178998699982 31.81138229370117 8.0
-179.8217530052631 30.059814453125 8.0
-27.60400283907128 23.726642608642575 8.0
174.86721376401326 30.461503982543945 8.0
20.44733635417192 23.994829177856445 8.0
-174.14083995998848 27.16666603088379 8.0
173.44922706981657 22.213327407836918 8.0
89.11611637194088 30.13851928710937 8.0
65.30725896149879 22.880659103393555 8.0
75.19744690492803 27.95059585571289 8.0
74.5195605892396 26.76480484008789 8.0
-172.88610644905276 31.795867919921875 8.0
153.96193446345902 21.072126388549805 8.0
-179.4004744184887 32.15396499633789 8.0
-40.55559577533844 24.97220802307129 8.0
171.1057712211866 31.004472732543945 8.0
-135.58991714460555 31.146547317504883 8.0
177.63109806542838 24.852453231811523 8.0
-27.83234291859281 22.974340438842773 8.0
157.53221293418383 31.362380981445312 8.0
20.673226221387072 24.68448638916016 8.0
-149.70171667535925 26.012216567993164 8.0
-177.68019650140053 23.39519691467285 8.0
90.7994799087958 30.521852493286133 8.0
130.91954802016477 27.41486930847168 8.0
127.19653210798369 25.62650680541992 8.0
65.26087581326401 27.228240966796875 8.0
-144.7749367999121 31.10484313964844 8.0
-177.14355960454645 20.994535446166992 8.0
-177.48549793104047 32.08643341064453 8.0
-113.2443590525409 27.43903160095215 8.0
141.78106964266345 33.18926239013672 8.0
-147.07297612956694 29.482383728027344 8.0
172.67895135634362 26.88398551940918 8.0
-29.29788427462192 22.72528076171875 8.0
42.314970807032175 27.08979606628418 8.0
39.47514975556221 22.036853790283203 8.0
-130.30683043810552 21.20317840576172 8.0
179.95828559192736 22.292573928833008 8.0
110.1264511150405 31.649280548095703 8.0
147.87523568606025 25.219615936279297 8.0
172.53920494756136 28.38440322875977 8.0
109.08365535069352 26.4704532623291 8.0
-150.5551894023971 30.402833938598636 8.0
143.96565011685334 25.562644958496094 8.0
-166.28064836632564 33.254180908203125 8.0
-115.09593102253784 26.3156795501709 8.0
158.96909375121652 26.30374526977539 8.0
-163.62490967197925 27.18055534362793 8.0
-145.77682145574454 23.90356063842773 8.0
-25.851851215840902 25.00432777404785 8.0
59.139714808920914 28.05965614318848 8.0
14.795370590048384 24.01984405517578 8.0
-135.37170777502098 21.91968536376953 8.0
-178.16596008353767 22.674421310424805 8.0
119.48518604806264 32.7233772277832 8.0
118.95677851852156 24.673303604125977 8.0
121.86969112289118 25.32431411743164 8.0
158.67137095874224 28.175161361694336 8.0
-141.27903696546676 27.976810455322266 8.0
9.00562552011965 19.190488815307617 8.0
125.0615051676108 31.37065696716309 8.0
-105.75903137572077 26.60329818725586 8.0
179.41588063648683 23.664758682250977 8.0
-174.3819117323545 27.541318893432617 8.0
-143.1093429316749 25.078733444213867 8.0
-14.247537693229534 26.679548263549805 8.0
62.48077883448666 29.27079391479492 8.0
-19.16517041619603 25.503204345703125 8.0
-112.01687957974528 23.82459831237793 8.0
176.47544548323555 20.988258361816406 8.0
112.45133314475304 31.825878143310547 8.0
174.60476364133052 22.897899627685547 8.0
175.54954048695052 27.048925399780277 8.0
179.5300094242861 27.480676651000977 8.0
-177.3012916800353 27.802669525146484 8.0
20.59615142914488 23.114351272583008 8.0
105.38010185693668 30.352245330810547 8.0
-132.78281365830088 26.147897720336918 8.0
-153.3905566891059 25.240211486816406 8.0
-160.7836089997964 27.80304718017578 8.0
-153.3043491833579 23.734893798828125 8.0
-27.27828773458229 26.503849029541016 8.0
55.646404591317086 28.588003158569336 8.0
-31.790437699280726 24.797420501708984 8.0
-128.4399157658968 22.92635154724121 8.0
173.4671374316073 22.82343292236328 8.0
170.22934928924843 31.79961204528809 8.0
162.79706386369946 20.57637023925781 8.0
167.60923884064928 30.992528915405277 8.0
169.36461529516026 27.41586303710937 8.0
-147.2950657071943 28.99672508239746 8.0
32.03229565678832 23.768388748168945 8.0
98.309424525211 24.80770492553711 8.0
-152.40935651800305 25.607879638671875 8.0
90.55594157848932 21.70389747619629 8.0
-130.88095495754672 28.537694931030277 8.0
-152.67690188366623 25.891048431396484 8.0
-4.252019428753832 26.829050064086918 8.0
75.22994387197757 29.99895477294922 8.0
-12.804867251222843 24.99198532104492 8.0
-127.01154451087872 23.43497085571289 8.0
-174.00047988827205 24.41864013671875 8.0
164.93838832255486 33.8503532409668 8.0
137.61753567074766 20.10148811340332 8.0
-163.66789680934212 29.561771392822266 8.0
143.31792900862465 30.21392059326172 8.0
-42.63754393522836 21.6367130279541 6.0
98.92032910254528 33.80542755126953 6.0
