-67.3982348149191 30.105632781982422 8.0
-79.30577780624758 32.96540832519531 8.0
-80.2077367920811 29.483661651611328 8.0
-79.04244172685453 30.96768569946289 8.0
-72.11770275673689 31.791189193725586 8.0
-79.0357263956747 30.590496063232422 8.0
-73.05323255991219 29.575199127197266 8.0
-73.82150107146082 29.713470458984375 8.0
-77.88500657242038 32.183128356933594 8.0
-68.21395138314313 30.395442962646484 8.0
-79.87765419574447 31.063125610351562 8.0
-74.27490807648418 31.453842163085938 8.0
-81.11471360461417 30.156837463378906 8.0
-74.88542809166098 31.55014419555664 8.0
-83.32642103592066 29.75583839416504 8.0
-76.57519210641028 31.122610092163086 8.0
-75.96857186096545 31.233034133911133 8.0
-73.66730863434694 31.35636329650879 8.0
-79.52597732674916 31.378849029541016 8.0
-79.75184435021526 29.0966854095459 8.0
-87.96289287679268 29.517576217651367 8.0
-67.49303162214511 30.252206802368164 8.0
-73.50717443581317 32.082950592041016 8.0
-56.74621699807301 29.80568504333496 8.0
-80.25936324739956 30.44200897216797 8.0
-73.99124932680728 31.253931045532227 8.0
-78.2403217889374 30.68235206604004 8.0
-72.6787141339318 31.215665817260742 8.0
-79.89770656712845 30.729583740234375 8.0
-73.81053837335034 30.702383041381836 8.0
-78.5182623493916 31.289241790771484 8.0
-75.87947928914136 30.184972763061523 8.0
-77.71180120761248 31.31358528137207 8.0
-80.97681299103749 30.787456512451172 8.0
-75.04021011466028 30.78782081604004 8.0
-69.76272101385422 30.973134994506836 8.0
-77.1866813108604 30.185670852661133 8.0
-72.34843779993648 31.332286834716797 8.0
-75.45853495653023 30.95170021057129 8.0
-66.41771365029095 30.74225616455078 8.0
-78.42528854961154 30.78119468688965 8.0
-74.69695754605407 29.273134231567383 8.0
-74.20891876278276 30.288793563842773 8.0
-75.59177266421476 30.83890151977539 8.0
-75.2198551702323 31.557994842529297 8.0
-76.44146920184575 31.06025505065918 8.0
-84.50422552323091 28.876358032226562 8.0
-69.09149412789202 30.979867935180664 8.0
-60.91906930507181 30.471420288085938 8.0
-79.30996771421965 30.673154830932617 8.0
-76.06779071568083 31.511329650878906 8.0
-77.5563873934298 32.46625900268555 8.0
-66.90768186280255 30.107160568237305 8.0
-76.69574795707639 30.960304260253906 8.0
-74.16885701794173 31.120853424072266 8.0
-63.40246128406026 28.918466567993164 8.0
-70.00681737228771 29.40383529663086 8.0
-70.42160951213175 30.47476577758789 8.0
-80.11764370056233 30.448501586914062 8.0
-71.91973831775977 32.304744720458984 8.0
-84.83830379269216 30.778125762939453 8.0
-68.27858551550204 31.386171340942383 8.0
-69.648659473478 31.381500244140625 8.0
-60.65878904326353 30.13589859008789 8.0
-67.78893670078924 30.71204948425293 8.0
-77.87813254273362 30.66181755065918 8.0
-73.29091585386857 30.727197647094727 8.0
-78.4610422019501 31.561603546142578 8.0
-78.79338555910172 31.692201614379883 8.0
-80.43158199655043 30.676254272460938 8.0
-84.09897104987282 30.00342559814453 8.0
-76.47310183730887 30.423946380615234 8.0
-68.38073697117179 33.197757720947266 8.0
-79.36566291426213 30.330366134643555 8.0
-76.69992978402081 30.955245971679688 8.0
-70.42834871172774 30.85034942626953 8.0
-72.40729205019554 30.841379165649414 8.0
-80.55039443660955 32.28273391723633 8.0
-76.41683801184064 30.904539108276367 8.0
-77.68251792936358 31.29743194580078 8.0
-75.36070902126373 30.7064266204834 8.0
-76.37789228092548 31.220130920410156 8.0
-79.32570476244932 29.107263565063477 8.0
-66.91627606657029 32.74501419067383 8.0
-75.47474685601284 31.499794006347656 8.0
-85.677549738748 32.111106872558594 8.0
-82.98986064263181 30.76227569580078 8.0
-68.40502939697427 30.084938049316406 8.0
-72.59111028502754 32.2015266418457 8.0
-71.65272148749504 30.89295768737793 8.0
-71.11276940872304 30.186904907226562 8.0
-74.89414011463234 31.90212059020996 8.0
-67.51681312842568 31.304241180419922 8.0
-80.59692700367187 31.43122100830078 8.0
-73.31815058342053 30.82050132751465 8.0
-80.1992475460513 30.52092933654785 8.0
-63.80993636036476 28.79668617248535 8.0
-74.12121924142095 31.77520751953125 8.0
-84.05579983779307 29.98221206665039 8.0
-77.39806718775374 32.47052764892578 8.0
-73.32564042767666 31.38422203063965 8.0
-86.33429007630832 31.613788604736328 8.0
-82.85474187913776 29.2956600189209 8.0
-72.67277772441228 30.009998321533203 8.0
-77.43663984232784 32.627349853515625 8.0
-65.27210699488508 31.164453506469727 8.0
-68.48887746946149 32.093570709228516 8.0
-67.28067469336342 30.923721313476562 8.0
-75.15230482688959 31.154245376586914 8.0
-76.9157820428258 31.071533203125 8.0
-72.93433991204562 30.574583053588867 8.0
-70.26088432345347 30.16084861755371 8.0
-71.02510254396543 29.343320846557617 8.0
-76.1274548198342 32.266082763671875 8.0
-81.18878663992477 29.107362747192383 8.0
-67.79755378614902 30.66303253173828 8.0
-79.17402181795389 32.01335525512695 8.0
-81.92453295439019 30.869050979614258 8.0
-82.24299124343838 30.25634765625 8.0
-76.53622059650274 30.26683807373047 8.0
-71.57523842756704 31.479894638061523 8.0
-75.99995383936168 29.985017776489258 8.0
-68.60204393422863 29.630346298217773 8.0
-63.83646530516862 29.33242416381836 8.0
-67.50044522549418 30.13982391357422 8.0
-77.25634669534361 31.0100040435791 8.0
-76.18447725548437 31.67680549621582 8.0
-75.51111303008797 29.939693450927734 8.0
-75.60199115720121 30.00382423400879 8.0
-79.42373294793148 31.69178009033203 8.0
-84.01100866878409 30.210128784179688 8.0
-76.93268654114603 30.820371627807617 8.0
-68.19822937987625 30.214427947998047 8.0
-71.38471089918575 29.773168563842773 8.0
-87.50358405572976 31.78209686279297 8.0
-76.08516196005738 29.926349639892578 8.0
-70.54628926240079 30.138566970825195 8.0
-66.16160519012493 29.879695892333984 8.0
-66.50979719494633 29.689977645874023 8.0
-72.52123153051382 29.60141372680664 8.0
-75.83388872773811 30.14610481262207 8.0
-80.5987679386191 30.211965560913086 8.0
-74.92106726179618 31.281150817871094 8.0
-70.19984648739982 31.628952026367188 8.0
-75.74763813694365 28.099287033081055 8.0
-77.46884048557024 32.184059143066406 8.0
-71.81863132519584 29.842893600463867 8.0
-64.87850653882501 31.28400230407715 8.0
-72.29732978038257 31.24048614501953 8.0
-81.00675668233663 31.329256057739258 8.0
-83.933491652472 31.084362030029297 8.0
-75.53890473261373 31.087982177734375 8.0
-77.78356241229142 31.39436149597168 8.0
-76.36076983220484 29.993619918823242 8.0
-62.81923384119452 30.344133377075195 8.0
-77.82294476666907 30.962717056274414 8.0
-73.41937634765289 29.45193099975586 8.0
-81.86856006732602 29.63874626159668 8.0
-79.94805124690907 30.969921112060547 8.0
-83.58275313674217 30.432918548583984 8.0
140.3340184553667 34.66889190673828 6.0
-61.26512081591438 19.5937442779541 6.0
68.9910362512337 28.40151596069336 6.0
-91.8983231441311 36.563838958740234 6.0
-98.5145565261477 39.32490921020508 6.0
15.941574912183004 16.211570739746094 6.0
142.54055931437819 34.906089782714844 6.0
-153.2241025115537 45.504940032958984 6.0
14.917250400849259 24.971603393554688 6.0
165.22984162665878 41.17180633544922 6.0
-45.69326079674521 30.614547729492188 6.0
-84.33039737341507 36.37306213378906 6.0
16.369536758121146 29.22795295715332 6.0
152.3101766965302 23.806188583374023 6.0
54.46069876396699 37.77360916137695 6.0
161.82144287601173 50.005313873291016 6.0
-117.40018681730989 37.05388641357422 6.0
-64.56407625731553 28.470361709594727 6.0
-24.03418583176109 37.31869125366211 6.0
-0.7256295618125246 27.122900009155273 6.0
-2.357508070274625 33.83680725097656 6.0
-120.02944736601168 21.48931312561035 6.0
-36.825818208088464 36.08198928833008 6.0
-54.19505032725327 31.500764846801758 6.0
-88.05632284046452 35.17295837402344 6.0
125.32268910195478 22.53889274597168 6.0
-170.23580051442772 43.43583297729492 6.0
169.42797957784205 36.19272994995117 6.0
-89.85214595692389 22.497928619384766 6.0
130.65495790746326 42.4984245300293 6.0

