158.13182020479329 29.070171356201172 8.0
-4.7430720124379535 24.718711853027344 8.0
177.89540741892748 35.67416763305664 8.0
-99.58124242604072 32.0531005859375 8.0
-3.7965184200157864 32.19645690917969 8.0
3.182931982326637 27.449222564697266 8.0
-47.61498889618876 33.63172149658203 8.0
-30.57974119490878 38.56084442138672 8.0
-136.9516907029803 27.98780632019043 8.0
83.77843595539886 15.700657844543457 8.0
-149.96517726539048 24.847681045532227 8.0
-139.26401389513325 32.77827453613281 8.0
-50.39337476564771 20.382680892944336 8.0
112.43886741526 26.473064422607422 8.0
109.92721308474637 29.542417526245117 8.0
143.18735379586644 32.040340423583984 8.0
-60.81054101783594 22.668537139892578 8.0
-53.604062495977544 28.65715217590332 8.0
144.16476401929543 27.311185836791992 8.0
-38.188473868021006 25.865196228027344 8.0
-42.63754393522836 21.6367130279541 6.0
98.92032910254528 33.80542755126953 6.0
