3.380543136596679688e+01
3.380543136596679688e+01
3.344330978393554688e+01
3.228878021240234375e+01
3.196578979492187500e+01
3.245924377441406250e+01
3.310618591308593750e+01
3.280442428588867188e+01
3.384086608886718750e+01
3.318510818481445312e+01
3.316863632202148438e+01
3.319293975830078125e+01
3.350384902954101562e+01
3.283756256103515625e+01
3.354689407348632812e+01
3.265573120117187500e+01
3.332740402221679688e+01
3.297807312011718750e+01
3.279002380371093750e+01
3.343194961547851562e+01
3.267073059082031250e+01
3.199291038513183594e+01
3.219224166870117188e+01
3.173821258544921875e+01
3.257282257080078125e+01
3.282064056396484375e+01
3.190580940246582031e+01
3.267970657348632812e+01
3.340991210937500000e+01
3.364508438110351562e+01
3.253810501098632812e+01
3.034098625183105469e+01
3.030768585205078125e+01
2.958761596679687500e+01
3.100566864013671875e+01
3.380123519897460938e+01
3.249225234985351562e+01
3.360322952270507812e+01
3.275822830200195312e+01
3.272726440429687500e+01
3.223255538940429688e+01
3.265897369384765625e+01
3.354595184326171875e+01
3.234423828125000000e+01
3.315667724609375000e+01
3.264147949218750000e+01
3.480232620239257812e+01
3.366907501220703125e+01
3.399676132202148438e+01
3.355690765380859375e+01
3.580788421630859375e+01
3.466606521606445312e+01
3.248567581176757812e+01
3.388919830322265625e+01
3.299558258056640625e+01
3.280267333984375000e+01
3.332125854492187500e+01
3.467038345336914062e+01
3.415346145629882812e+01
3.407953262329101562e+01
3.390671157836914062e+01
3.345016860961914062e+01
3.245345687866210938e+01
3.268759918212890625e+01
3.375597000122070312e+01
3.241377258300781250e+01
3.326031875610351562e+01
3.385688018798828125e+01
3.416473388671875000e+01
3.209078979492187500e+01
3.285503768920898438e+01
3.357625198364257812e+01
3.354515075683593750e+01
3.423885726928710938e+01
3.403606414794921875e+01
3.367058944702148438e+01
3.352362060546875000e+01
3.396427917480468750e+01
3.262266159057617188e+01
3.368103027343750000e+01
3.384733963012695312e+01
3.272147369384765625e+01
3.358317947387695312e+01
3.377608108520507812e+01
3.436197280883789062e+01
3.364850234985351562e+01
3.226451492309570312e+01
3.183272361755371094e+01
3.324815750122070312e+01
3.263452148437500000e+01
3.344885635375976562e+01
3.366844558715820312e+01
3.384389495849609375e+01
3.328454208374023438e+01
3.421022796630859375e+01
3.320851898193359375e+01
3.127650451660156250e+01
3.227412033081054688e+01
3.340112304687500000e+01
3.240417861938476562e+01
3.233862686157226562e+01
3.310100936889648438e+01
3.322188186645507812e+01
3.387901306152343750e+01
3.328107833862304688e+01
3.347882080078125000e+01
3.297030639648437500e+01
3.268573760986328125e+01
3.328661727905273438e+01
3.304286575317382812e+01
3.200448608398437500e+01
3.209788131713867188e+01
3.256220245361328125e+01
3.297356414794921875e+01
3.200952529907226562e+01
3.286970138549804688e+01
3.219245910644531250e+01
3.295403289794921875e+01
3.323029327392578125e+01
3.356569671630859375e+01
3.332287597656250000e+01
3.360474395751953125e+01
3.283394241333007812e+01
3.289445877075195312e+01
3.262727737426757812e+01
3.304839324951171875e+01
3.306401824951171875e+01
3.244750595092773438e+01
3.266145324707031250e+01
3.359622192382812500e+01
3.310353469848632812e+01
3.174918174743652344e+01
3.287443542480468750e+01
3.179695892333984375e+01
3.179638671875000000e+01
3.236324691772460938e+01
3.286790847778320312e+01
3.314263534545898438e+01
3.179211425781250000e+01
3.332819747924804688e+01
3.315085983276367188e+01
3.434909439086914062e+01
3.248429489135742188e+01
3.292162704467773438e+01
3.313238906860351562e+01
3.288838195800781250e+01
3.133993530273437500e+01
3.264122772216796875e+01
3.263301849365234375e+01
3.275099945068359375e+01
3.312584304809570312e+01
3.412899017333984375e+01
3.267400360107421875e+01
3.329749679565429688e+01
3.341400909423828125e+01
3.256656646728515625e+01
3.225460052490234375e+01
3.279462051391601562e+01
3.218188858032226562e+01
3.195353317260742188e+01
3.163041114807128906e+01
3.164683532714843750e+01
3.255074691772460938e+01
3.330261993408203125e+01
3.296439743041992188e+01
3.281415557861328125e+01
3.331122589111328125e+01
3.261461639404296875e+01
3.236058425903320312e+01
3.305638504028320312e+01
3.286405944824218750e+01
3.248086547851562500e+01
3.288942718505859375e+01
3.288261795043945312e+01
3.185392379760742188e+01
3.250760650634765625e+01
3.336816406250000000e+01
3.334590911865234375e+01
3.356921005249023438e+01
3.304879760742187500e+01
3.269565200805664062e+01
3.436305999755859375e+01
3.184936141967773438e+01
3.163362121582031250e+01
3.282095718383789062e+01
3.205157852172851562e+01
3.355272293090820312e+01
3.395883560180664062e+01
3.310379028320312500e+01
3.228274917602539062e+01
3.138504600524902344e+01
3.278853225708007812e+01
3.388567733764648438e+01
3.275515365600585938e+01
3.261966705322265625e+01
3.349854278564453125e+01
3.280952453613281250e+01
3.287551116943359375e+01
3.283267211914062500e+01
3.233631134033203125e+01
3.289740371704101562e+01
3.338313674926757812e+01
3.274975967407226562e+01
3.278602600097656250e+01
3.449337768554687500e+01
3.346703720092773438e+01
3.296936035156250000e+01
3.290068054199218750e+01
3.334621429443359375e+01
3.230639266967773438e+01
3.173621368408203125e+01
3.274304962158203125e+01
3.170701789855957031e+01
3.114636039733886719e+01
3.238874816894531250e+01
3.252362823486328125e+01
3.340094375610351562e+01
3.121915626525878906e+01
3.225797653198242188e+01
3.250519943237304688e+01
3.134629631042480469e+01
3.228549575805664062e+01
3.272509384155273438e+01
3.221587753295898438e+01
3.295170211791992188e+01
3.182016372680664062e+01
3.125824546813964844e+01
3.236780929565429688e+01
3.301940917968750000e+01
3.383051300048828125e+01
3.303229904174804688e+01
3.233582305908203125e+01
3.234308242797851562e+01
3.216284561157226562e+01
3.097929954528808594e+01
3.188043403625488281e+01
3.326840591430664062e+01
3.238533782958984375e+01
3.226021575927734375e+01
3.385853958129882812e+01
3.368483352661132812e+01
3.239888000488281250e+01
3.288654327392578125e+01
3.282362747192382812e+01
3.313106155395507812e+01
3.282744216918945312e+01
3.265666961669921875e+01
3.298101806640625000e+01
3.144397163391113281e+01
3.274047088623046875e+01
3.216465377807617188e+01
3.299996566772460938e+01
3.288041305541992188e+01
3.375162124633789062e+01
3.410853958129882812e+01
3.290465164184570312e+01
3.237599563598632812e+01
3.292227554321289062e+01
3.274937438964843750e+01
3.233004379272460938e+01
3.242564010620117188e+01
3.227337646484375000e+01
3.347016525268554688e+01
3.316227340698242188e+01
3.371489715576171875e+01
3.236706161499023438e+01
3.223555755615234375e+01
3.316746902465820312e+01
3.247654724121093750e+01
3.071538162231445312e+01
3.079409027099609375e+01
3.265459442138671875e+01
3.276408004760742188e+01
3.243379592895507812e+01
3.259988403320312500e+01
3.320691680908203125e+01
3.292359161376953125e+01
3.360811996459960938e+01
3.245336151123046875e+01
3.225702667236328125e+01
3.295979690551757812e+01
3.205022811889648438e+01
3.312360382080078125e+01
3.209065628051757812e+01
3.220058822631835938e+01
3.343430709838867188e+01
3.162346649169921875e+01
3.409416961669921875e+01
3.410149002075195312e+01
3.289655303955078125e+01
3.398916244506835938e+01
3.438015365600585938e+01
3.375344848632812500e+01
3.385647964477539062e+01
3.203016281127929688e+01
3.133385086059570312e+01
3.221067047119140625e+01
3.213281250000000000e+01
3.049304008483886719e+01
3.200391006469726562e+01
3.140806198120117188e+01
3.280981826782226562e+01
3.305419921875000000e+01
3.145919036865234375e+01
3.143222618103027344e+01
3.261982727050781250e+01
3.330571746826171875e+01
3.248707199096679688e+01
3.297455596923828125e+01
3.287929916381835938e+01
3.327877426147460938e+01
3.359697341918945312e+01
3.348788833618164062e+01
3.219351577758789062e+01
3.396007156372070312e+01
3.479504013061523438e+01
3.272124862670898438e+01
3.425431823730468750e+01
3.392130279541015625e+01
3.311546325683593750e+01
3.190843772888183594e+01
3.125427627563476562e+01
3.129956054687500000e+01
3.258161163330078125e+01
3.181117248535156250e+01
3.145280647277832031e+01
3.281237030029296875e+01
3.252369308471679688e+01
3.269154739379882812e+01
3.273401260375976562e+01
3.087748527526855469e+01
3.106868362426757812e+01
3.408135223388671875e+01
3.274298858642578125e+01
3.254449844360351562e+01
3.239971542358398438e+01
3.010469055175781250e+01
3.187083244323730469e+01
3.156100845336914062e+01
3.157225799560546875e+01
3.032084274291992188e+01
3.220894622802734375e+01
3.300071334838867188e+01
3.016522789001464844e+01
3.132781219482421875e+01
3.011301231384277344e+01
3.242871475219726562e+01
3.010424995422363281e+01
3.026441955566406250e+01
3.117604637145996094e+01
3.233124923706054688e+01
3.133851242065429688e+01
3.097518157958984375e+01
2.926610755920410156e+01
3.163799858093261719e+01
2.884134674072265625e+01
3.029443359375000000e+01
3.086912155151367188e+01
2.956223678588867188e+01
2.961275291442871094e+01
3.051227188110351562e+01
3.111062812805175781e+01
2.958824920654296875e+01
3.137368011474609375e+01
3.168448448181152344e+01
3.241857147216796875e+01
3.239214324951171875e+01
3.337564468383789062e+01
3.178878593444824219e+01
3.230337905883789062e+01
3.262928009033203125e+01
3.218684768676757812e+01
3.240967178344726562e+01
3.255387115478515625e+01
3.314378356933593750e+01
3.270243835449218750e+01
3.375028991699218750e+01
3.357566452026367188e+01
3.310861206054687500e+01
3.367435455322265625e+01
3.328756332397460938e+01
3.330471801757812500e+01
3.373820877075195312e+01
3.371725845336914062e+01
3.361115264892578125e+01
3.395844268798828125e+01
3.170540237426757812e+01
3.358442306518554688e+01
3.340224838256835938e+01
3.360564422607421875e+01
3.377291107177734375e+01
3.273633193969726562e+01
3.233021163940429688e+01
3.401730728149414062e+01
3.294311523437500000e+01
3.357167434692382812e+01
3.281399154663085938e+01
3.404269790649414062e+01
3.287709808349609375e+01
3.388072967529296875e+01
3.244430541992187500e+01
3.197210884094238281e+01
3.365148925781250000e+01
3.252246475219726562e+01
3.415956878662109375e+01
3.235060119628906250e+01
3.252141952514648438e+01
3.278369903564453125e+01
3.160189628601074219e+01
3.331177902221679688e+01
3.356714248657226562e+01
3.217049407958984375e+01
3.320439910888671875e+01
3.211907196044921875e+01
3.361014175415039062e+01
3.396142196655273438e+01
3.366291046142578125e+01
3.274299240112304688e+01
3.223041534423828125e+01
3.268425750732421875e+01
3.084268379211425781e+01
3.187093353271484375e+01
3.245595932006835938e+01
3.240099334716796875e+01
3.254958724975585938e+01
3.173703384399414062e+01
3.270840454101562500e+01
3.156191253662109375e+01
3.233208847045898438e+01
3.306635284423828125e+01
3.255463790893554688e+01
3.238484954833984375e+01
3.168101692199707031e+01
3.233347702026367188e+01
3.235052871704101562e+01
3.242812347412109375e+01
3.316686248779296875e+01
3.418398666381835938e+01
3.249616241455078125e+01
3.225688171386718750e+01
3.127649116516113281e+01
3.129864883422851562e+01
3.162642288208007812e+01
3.216854858398437500e+01
3.341797637939453125e+01
3.226581573486328125e+01
3.095982360839843750e+01
3.174491119384765625e+01
3.179377746582031250e+01
3.245261764526367188e+01
3.249607467651367188e+01
3.229024505615234375e+01
3.238224411010742188e+01
3.218400955200195312e+01
3.113066291809082031e+01
3.221727371215820312e+01
3.212113189697265625e+01
3.285225677490234375e+01
3.250687408447265625e+01
3.232492065429687500e+01
3.278953552246093750e+01
3.185086250305175781e+01
3.153985977172851562e+01
3.341822433471679688e+01
3.233659744262695312e+01
3.304618835449218750e+01
3.270973587036132812e+01
3.351753234863281250e+01
3.146167373657226562e+01
3.273497772216796875e+01
3.205877304077148438e+01
3.202290725708007812e+01
3.291680908203125000e+01
3.331692504882812500e+01
3.222900772094726562e+01
3.283578109741210938e+01
3.282626724243164062e+01
3.296229934692382812e+01
3.261521530151367188e+01
3.101133155822753906e+01
3.205894088745117188e+01
3.212593460083007812e+01
3.326465988159179688e+01
3.245367050170898438e+01
3.191840362548828125e+01
3.293428039550781250e+01
3.253237152099609375e+01
3.358636856079101562e+01
3.252520370483398438e+01
3.387801361083984375e+01
3.175230789184570312e+01
3.341228485107421875e+01
3.302469253540039062e+01
3.257374572753906250e+01
3.326913452148437500e+01
3.326944351196289062e+01
3.238760375976562500e+01
3.112201118469238281e+01
3.226254272460937500e+01
3.226963043212890625e+01
3.246937561035156250e+01
3.319634628295898438e+01
3.215050506591796875e+01
3.397543716430664062e+01
3.254562377929687500e+01
3.263465881347656250e+01
3.199386024475097656e+01
3.316738891601562500e+01
3.221273040771484375e+01
3.181400108337402344e+01
3.319796371459960938e+01
3.189555740356445312e+01
3.284424591064453125e+01
3.285515594482421875e+01
3.170872306823730469e+01
3.196062850952148438e+01
3.229243469238281250e+01
3.240484619140625000e+01
3.111362266540527344e+01
3.266235733032226562e+01
3.305177688598632812e+01
3.292260742187500000e+01
3.307686614990234375e+01
3.287138366699218750e+01
3.200207138061523438e+01
3.358978271484375000e+01
3.282415008544921875e+01
3.414612960815429688e+01
3.231901168823242188e+01
3.288431549072265625e+01
3.180278778076171875e+01
3.411603164672851562e+01
3.283673095703125000e+01
3.373662567138671875e+01
3.416353607177734375e+01
3.351974105834960938e+01
3.174161529541015625e+01
3.222090911865234375e+01
3.357251358032226562e+01
3.242485046386718750e+01
3.282442474365234375e+01
3.347809600830078125e+01
3.187275123596191406e+01
3.329761886596679688e+01
3.214686203002929688e+01
3.298773956298828125e+01
3.250504302978515625e+01
3.225573348999023438e+01
3.342619705200195312e+01
3.331001281738281250e+01
3.343359756469726562e+01
3.361450576782226562e+01
3.232818603515625000e+01
3.165837097167968750e+01
3.204904174804687500e+01
3.211915588378906250e+01
3.246675491333007812e+01
3.367847824096679688e+01
3.349066543579101562e+01
3.302285003662109375e+01
3.330323028564453125e+01
3.381991195678710938e+01
3.321386337280273438e+01
3.409418106079101562e+01
3.464044570922851562e+01
3.262534332275390625e+01
3.233831024169921875e+01
3.396192550659179688e+01
3.241691589355468750e+01
3.233288574218750000e+01
3.340341567993164062e+01
3.170205688476562500e+01
3.321558380126953125e+01
3.176333045959472656e+01
3.369806289672851562e+01
3.309954071044921875e+01
3.272738265991210938e+01
3.142938613891601562e+01
3.270395660400390625e+01
3.245647048950195312e+01
3.377182388305664062e+01
3.301769638061523438e+01
3.358825683593750000e+01
3.149357604980468750e+01
3.208769607543945312e+01
3.362282562255859375e+01
3.328557586669921875e+01
3.278326797485351562e+01
3.263839340209960938e+01
3.322127914428710938e+01
3.307551956176757812e+01
3.249849700927734375e+01
3.243191146850585938e+01
3.433516693115234375e+01
3.410302734375000000e+01
3.144407844543457031e+01
3.222038269042968750e+01
3.303561019897460938e+01
3.239498138427734375e+01
3.374293136596679688e+01
3.283086395263671875e+01
3.331183242797851562e+01
3.084310340881347656e+01
3.225732421875000000e+01
3.234938049316406250e+01
3.185262489318847656e+01
3.350949478149414062e+01
3.420826721191406250e+01
3.385501480102539062e+01
3.230495452880859375e+01
3.179584503173828125e+01
3.262044525146484375e+01
3.194765281677246094e+01
3.238256835937500000e+01
3.276376724243164062e+01
3.436338424682617188e+01
3.190623664855957031e+01
3.256440734863281250e+01
3.196339035034179688e+01
3.280027770996093750e+01
3.216296386718750000e+01
3.265607452392578125e+01
3.278727340698242188e+01
3.192957878112792969e+01
3.219020080566406250e+01
3.143031692504882812e+01
3.149374580383300781e+01
3.212382125854492188e+01
3.206648254394531250e+01
3.183724212646484375e+01
3.211739349365234375e+01
3.338690185546875000e+01
3.256256103515625000e+01
3.253784179687500000e+01
3.298270416259765625e+01
3.256383132934570312e+01
3.242475891113281250e+01
3.189804077148437500e+01
3.242515945434570312e+01
3.352917480468750000e+01
3.299046325683593750e+01
3.226589584350585938e+01
3.327298736572265625e+01
3.197334861755371094e+01
3.283928298950195312e+01
3.328356933593750000e+01
3.213940048217773438e+01
3.186915016174316406e+01
3.134935951232910156e+01
3.266136932373046875e+01
3.032981872558593750e+01
3.178746986389160156e+01
3.211558532714843750e+01
3.322064208984375000e+01
3.147080612182617188e+01
3.240888977050781250e+01
3.246490478515625000e+01
3.223048782348632812e+01
3.292548370361328125e+01
3.272988891601562500e+01
3.304756164550781250e+01
3.292724990844726562e+01
3.271150588989257812e+01
3.311481475830078125e+01
3.212368011474609375e+01
3.340113067626953125e+01
3.192323303222656250e+01
3.352877044677734375e+01
3.352947998046875000e+01
3.218439865112304688e+01
3.242854309082031250e+01
3.296980667114257812e+01
3.217245101928710938e+01
3.455425262451171875e+01
3.406827163696289062e+01
3.367828750610351562e+01
3.279687118530273438e+01
3.328165435791015625e+01
3.168287467956542969e+01
3.237668609619140625e+01
3.266974258422851562e+01
3.277681350708007812e+01
3.340043258666992188e+01
3.245145416259765625e+01
3.325208282470703125e+01
3.292190933227539062e+01
3.372449874877929688e+01
3.335137939453125000e+01
3.418190002441406250e+01
3.260084533691406250e+01
3.268721771240234375e+01
3.348783493041992188e+01
3.264166259765625000e+01
3.478666687011718750e+01
3.444740295410156250e+01
3.471136093139648438e+01
3.313316345214843750e+01
3.320026779174804688e+01
3.299269485473632812e+01
3.167938613891601562e+01
3.172758674621582031e+01
3.413076782226562500e+01
3.336036682128906250e+01
3.329947280883789062e+01
3.233721923828125000e+01
3.150886154174804688e+01
3.341714096069335938e+01
3.377107620239257812e+01
3.302304840087890625e+01
3.197285270690917969e+01
3.271919631958007812e+01
3.250581359863281250e+01
3.291097640991210938e+01
3.387220382690429688e+01
3.328025817871093750e+01
3.292676162719726562e+01
3.232091522216796875e+01
3.271862411499023438e+01
3.246185684204101562e+01
3.258072662353515625e+01
3.269382095336914062e+01
3.123013687133789062e+01
3.297935867309570312e+01
3.258369445800781250e+01
3.254971694946289062e+01
3.345862579345703125e+01
3.148311614990234375e+01
3.279663467407226562e+01
3.277560043334960938e+01
3.314942169189453125e+01
3.294682693481445312e+01
3.286022186279296875e+01
3.284467697143554688e+01
3.291437149047851562e+01
3.398456954956054688e+01
3.356604766845703125e+01
3.273879623413085938e+01
3.324069976806640625e+01
3.232981109619140625e+01
3.090879821777343750e+01
3.235345458984375000e+01
3.244847106933593750e+01
3.261605072021484375e+01
3.192774772644042969e+01
3.344673156738281250e+01
3.414258956909179688e+01
3.398973846435546875e+01
3.423244857788085938e+01
3.456941223144531250e+01
3.301741790771484375e+01
3.330403900146484375e+01
3.254784011840820312e+01
3.240556716918945312e+01
3.358161926269531250e+01
3.385309600830078125e+01
3.293175506591796875e+01
3.368935775756835938e+01
3.288545989990234375e+01
3.244400405883789062e+01
3.140315818786621094e+01
3.316381072998046875e+01
3.175608825683593750e+01
3.107933616638183594e+01
3.262729263305664062e+01
3.311936950683593750e+01
3.274006271362304688e+01
3.216540145874023438e+01
3.184008598327636719e+01
3.236713027954101562e+01
3.270464324951171875e+01
3.348802185058593750e+01
3.166974449157714844e+01
3.263181686401367188e+01
3.325144958496093750e+01
3.165904426574707031e+01
3.131062889099121094e+01
3.277873229980468750e+01
3.279472732543945312e+01
3.159587097167968750e+01
3.103207588195800781e+01
3.188641357421875000e+01
3.259943008422851562e+01
3.252149581909179688e+01
3.216691589355468750e+01
3.155938720703125000e+01
3.141519546508789062e+01
3.271495437622070312e+01
3.264316940307617188e+01
3.257972717285156250e+01
3.267655181884765625e+01
3.326674270629882812e+01
3.170341300964355469e+01
3.173227882385253906e+01
3.216312026977539062e+01
3.295068740844726562e+01
3.280661010742187500e+01
3.285925292968750000e+01
3.310817337036132812e+01
3.253520584106445312e+01
3.263678359985351562e+01
3.261603927612304688e+01
3.327051544189453125e+01
3.383207702636718750e+01
3.266678619384765625e+01
3.297989273071289062e+01
3.264365386962890625e+01
3.251665878295898438e+01
3.161176681518554688e+01
3.390782546997070312e+01
3.250677490234375000e+01
3.297963714599609375e+01
3.337553024291992188e+01
3.244984817504882812e+01
3.453661346435546875e+01
3.193097305297851562e+01
3.194961166381835938e+01
3.248641586303710938e+01
3.445338058471679688e+01
3.229741287231445312e+01
3.238573837280273438e+01
3.419157791137695312e+01
3.267078781127929688e+01
3.160869598388671875e+01
3.109083747863769531e+01
3.191627502441406250e+01
3.394530487060546875e+01
3.251337814331054688e+01
3.161190223693847656e+01
3.285315322875976562e+01
3.274971008300781250e+01
3.245056152343750000e+01
3.232645034790039062e+01
3.304857254028320312e+01
3.354660415649414062e+01
3.321102142333984375e+01
3.256473541259765625e+01
3.299686050415039062e+01
3.269314193725585938e+01
3.217693710327148438e+01
3.245911788940429688e+01
3.225886917114257812e+01
3.246118927001953125e+01
3.274599456787109375e+01
3.252918624877929688e+01
3.193490219116210938e+01
3.249672317504882812e+01
3.230642700195312500e+01
3.192050743103027344e+01
3.283590698242187500e+01
3.235626220703125000e+01
3.259459686279296875e+01
3.316792297363281250e+01
3.206264877319335938e+01
3.168185234069824219e+01
3.243865966796875000e+01
3.191144180297851562e+01
3.219641876220703125e+01
3.244264221191406250e+01
3.237950134277343750e+01
3.269728088378906250e+01
3.265820693969726562e+01
3.139839744567871094e+01
3.271317672729492188e+01
3.330963516235351562e+01
3.206285476684570312e+01
3.209238433837890625e+01
3.141438293457031250e+01
2.973348045349121094e+01
3.017361831665039062e+01
3.324059295654296875e+01
3.418574905395507812e+01
3.382501983642578125e+01
3.255869674682617188e+01
3.388507843017578125e+01
3.323349380493164062e+01
3.393592834472656250e+01
3.335243606567382812e+01
3.228949356079101562e+01
3.327194213867187500e+01
3.206467437744140625e+01
3.178058242797851562e+01
3.268540573120117188e+01
3.236917877197265625e+01
3.220474243164062500e+01
3.139744377136230469e+01
3.186603736877441406e+01
3.225149917602539062e+01
3.437432479858398438e+01
3.143434333801269531e+01
3.203487396240234375e+01
3.284010696411132812e+01
3.157261085510253906e+01
3.275810241699218750e+01
3.214113235473632812e+01
3.210225677490234375e+01
3.392340469360351562e+01
3.171082687377929688e+01
3.260237503051757812e+01
3.374585342407226562e+01
3.338061523437500000e+01
3.287525177001953125e+01
3.250321578979492188e+01
3.245468139648437500e+01
3.347547531127929688e+01
3.361195373535156250e+01
3.207217025756835938e+01
3.206322097778320312e+01
3.301568222045898438e+01
3.322320556640625000e+01
3.235807800292968750e+01
3.248768997192382812e+01
3.247592544555664062e+01
3.235256576538085938e+01
3.254499053955078125e+01
3.203396987915039062e+01
3.246532440185546875e+01
3.189550590515136719e+01
3.211829376220703125e+01
3.197416496276855469e+01
3.242047119140625000e+01
3.142833137512207031e+01
3.283421325683593750e+01
3.119767761230468750e+01
3.227434539794921875e+01
3.173162841796875000e+01
3.069460296630859375e+01
3.342064285278320312e+01
3.240737533569335938e+01
3.181530570983886719e+01
3.217262268066406250e+01
3.255772018432617188e+01
3.224964141845703125e+01
3.312184524536132812e+01
3.187945556640625000e+01
3.182370185852050781e+01
3.258332824707031250e+01
3.144865417480468750e+01
3.274915313720703125e+01
3.305636978149414062e+01
3.210155868530273438e+01
3.242449188232421875e+01
3.130764389038085938e+01
3.231308364868164062e+01
3.210386657714843750e+01
3.195596694946289062e+01
3.174983215332031250e+01
3.224831390380859375e+01
3.250347137451171875e+01
3.291099166870117188e+01
3.247769927978515625e+01
3.224413299560546875e+01
3.315681457519531250e+01
3.242057037353515625e+01
3.220536422729492188e+01
3.168281745910644531e+01
3.192936325073242188e+01
3.184048843383789062e+01
3.235994338989257812e+01
3.225768280029296875e+01
3.261420440673828125e+01
3.212696075439453125e+01
3.231067657470703125e+01
3.358165740966796875e+01
3.362281799316406250e+01
3.169186019897460938e+01
3.198069572448730469e+01
3.180563926696777344e+01
3.272912216186523438e+01
3.364944839477539062e+01
3.144165039062500000e+01
3.257611846923828125e+01
3.155519676208496094e+01
3.148577880859375000e+01
3.282033920288085938e+01
3.398483276367187500e+01
3.262957000732421875e+01
3.232746887207031250e+01
3.268008041381835938e+01
3.411576080322265625e+01
3.108318519592285156e+01
3.132613563537597656e+01
3.227416610717773438e+01
3.263845443725585938e+01
3.190377044677734375e+01
3.254756164550781250e+01
3.210338592529296875e+01
3.244383621215820312e+01
3.263093566894531250e+01
3.277063751220703125e+01
3.208029556274414062e+01
3.097417449951171875e+01
3.167323112487792969e+01
3.264331436157226562e+01
3.250146102905273438e+01
3.223683166503906250e+01
3.102144813537597656e+01
3.235216522216796875e+01
3.128724098205566406e+01
3.256719970703125000e+01
3.325977325439453125e+01
3.271069717407226562e+01
