-8.107966393015885842e+01
-8.107966393015885842e+01
-6.578230157039803316e+01
-6.836731612630507016e+01
-7.359914504494651055e+01
-8.875896382771099979e+01
-6.868884340497646690e+01
-4.434479468406095748e+01
-5.960047667856201770e+01
-6.117882661989096960e+01
-6.050698459392287987e+01
-9.048665803939206853e+01
-8.089715460826516846e+01
-7.280467678768599171e+01
-7.304247602084052460e+01
-6.560983937337107363e+01
-6.009812028526755512e+01
-9.686147184582739555e+01
-8.735580534285827525e+01
-7.570344178188230444e+01
-7.205514466432060772e+01
-8.527217810198237657e+01
-8.709669943210190013e+01
-8.873557327849192689e+01
-8.320096611955665367e+01
-9.144370308359862065e+01
-8.485360893521868775e+01
-1.016460930938246747e+02
-9.578377245057043865e+01
-7.085753123506134443e+01
-8.305355060647355003e+01
-7.749876704165262709e+01
-2.428573902426836639e+01
-5.301818505815026583e+01
-7.793105572491225530e+01
-4.478797617370389617e+01
-3.797512554681924257e+01
-1.654533711215503899e+01
-5.020222196499730671e+01
-8.511213315217628406e+01
-8.679012340100808842e+01
-5.818361169361793372e+01
-7.085935783149483314e+01
-8.892199924959368218e+01
-7.386674094567183602e+01
-5.577379241386387321e+01
-6.096264379633294084e+01
-6.299297885986487699e+01
-7.091977299831751225e+01
-3.266165075244055060e+01
-1.876382434508582264e+01
-3.207880930785586315e+01
-1.728191772614195543e+01
-4.466685360248050074e+01
-3.391356387363043723e+01
-3.385182823357672532e+01
-3.515013812854328989e+01
-2.433066998075918264e+01
-3.854478756982439336e+01
-7.041883392495537919e+01
-6.062172215288006782e+01
-6.570492544266335244e+01
-8.751564418284755220e+01
-7.259231233772584346e+01
-5.600451704700765276e+01
-6.183910644483916030e+01
-4.682675884022023638e+01
-4.785536183465069371e+01
-7.969237206881325619e+01
-7.242462232322532145e+01
-6.120908665319461761e+01
-4.069863962172576066e+01
-5.123719555240199952e+01
-5.325329291068652537e+01
-4.817254000736983244e+01
-3.955833818821281511e+01
-5.119834041600813634e+01
-6.621856507332881847e+01
-9.449764304574620155e+01
-5.593941535181147628e+01
-6.274670592789192369e+01
-4.411641512829555722e+01
-4.946879994486886289e+01
-5.937435899286623453e+01
-6.207614862575371717e+01
-5.511675804821959446e+01
-4.632852781373708240e+01
-6.898248145292376421e+01
-7.307502241824272460e+01
-6.161035235781275787e+01
-6.340733539181206879e+01
-5.472087850610694204e+01
-6.462202630816460669e+01
-5.065682685718178391e+01
-7.245141886398261022e+01
-5.489523666636699772e+01
-6.120211475390067335e+01
-7.142124092571305027e+01
-4.460508418795558327e+01
-6.189443718845461717e+01
-7.762748198978772507e+01
-7.847954333893153489e+01
-7.025407885910806272e+01
-5.067698905563258904e+01
-8.111496225158151674e+01
-7.840282517423463560e+01
-6.356020042156177396e+01
-7.613126925601221728e+01
-5.293954906175736141e+01
-6.229536215040167235e+01
-8.619478386062513664e+01
-8.382621142815196436e+01
-5.251980710094272808e+01
-4.306265730519999124e+01
-6.741325200068388313e+01
-4.366506105551474093e+01
-6.202593105437881604e+01
-4.906686776518506576e+01
-4.800753266639395633e+01
-5.148021267069839269e+01
-4.643076102729662580e+01
-5.142834961258085968e+01
-6.024581448737455958e+01
-6.713721495364359271e+01
-6.497953315244586747e+01
-6.000586767907157082e+01
-7.723378030228235502e+01
-5.202545435592537615e+01
-5.663577226823736055e+01
-5.355636673882474952e+01
-6.944394346046379951e+01
-6.218914454209038922e+01
-7.450869326962322248e+01
-6.765149205386757103e+01
-8.546121204570522423e+01
-7.841569498066485266e+01
-1.033391053239498660e+02
-6.332225397112944165e+01
-9.710233686057733848e+01
-8.770088087433725832e+01
-7.197247541934478932e+01
-6.363801365879203331e+01
-5.647495551456745488e+01
-7.623254214738125256e+01
-6.804594335770076441e+01
-7.642175414744974660e+01
-6.425415391602132331e+01
-5.975795231893300752e+01
-9.201655875270648721e+01
-7.402173468267773160e+01
-8.064253605929286550e+01
-6.274701337619148944e+01
-6.852922163546668344e+01
-7.627879832054560438e+01
-6.832480138669359349e+01
-6.845837910110896019e+01
-7.197750310607023039e+01
-7.871782497216423735e+01
-6.721230158426374146e+01
-8.443099373458835544e+01
-8.573275673528269181e+01
-9.649355535525421601e+01
-8.523022644639098644e+01
-6.952605009398291713e+01
-8.703212407251510285e+01
-8.992754209907332097e+01
-7.672516028348888995e+01
-8.078907562307392709e+01
-7.742768024084949730e+01
-7.476750226763323326e+01
-9.259769911074738502e+01
-8.814534792810530917e+01
-7.109525283846829780e+01
-7.412343494552249012e+01
-7.713850628628836148e+01
-7.599419457836387437e+01
-6.747061238725717658e+01
-7.373325471203821735e+01
-9.382736643301154800e+01
-7.254150831509821273e+01
-8.185874523313043483e+01
-9.182547984680388709e+01
-8.135969251777135014e+01
-6.002734993436155264e+01
-8.466236212850157017e+01
-7.307360809103658994e+01
-8.877193792980517628e+01
-6.762560938924286802e+01
-9.117785909877147787e+01
-8.632013818467680721e+01
-7.047351574550197029e+01
-8.225239645704567693e+01
-8.126606351305042608e+01
-7.187556230436206306e+01
-9.476153830917405685e+01
-7.714544781523045458e+01
-7.044272103943012553e+01
-7.698560031248189262e+01
-8.304608269415899713e+01
-7.038774065390504120e+01
-7.003829905865984529e+01
-7.693401627056005054e+01
-6.861808121255432980e+01
-8.815487306844528348e+01
-8.338891630542082112e+01
-8.081686509944984209e+01
-9.655592998324453902e+01
-8.503651723713630872e+01
-8.385630741022976054e+01
-8.849357536514457934e+01
-8.199585960350179903e+01
-7.618057305711704430e+01
-7.856162587587743928e+01
-7.691566337940008680e+01
-8.061218956889916853e+01
-7.780569972472181917e+01
-7.634611769782981128e+01
-7.656077168016622636e+01
-7.263930009744922245e+01
-7.069820364106243460e+01
-8.949944847045583174e+01
-7.287687240789261978e+01
-7.063785199668382120e+01
-6.846629687545157594e+01
-6.442329580433920455e+01
-6.406366601793342852e+01
-6.774704319943509745e+01
-7.331187182904545807e+01
-7.288971851870439878e+01
-7.663587419833822878e+01
-7.804400085610996030e+01
-7.060798481339924138e+01
-5.829600124115961535e+01
-9.313431603531239489e+01
-6.478138515153199251e+01
-9.801460168066631695e+01
-6.939569179504655949e+01
-8.002931187618753484e+01
-5.814957934345278545e+01
-7.248532353188124944e+01
-6.915377883136989112e+01
-9.779177030182825092e+01
-5.721506514982735325e+01
-6.595637553121298424e+01
-6.911881974144671403e+01
-7.720026818048177120e+01
-6.444516936748118496e+01
-7.713409671440251714e+01
-6.682872007328433028e+01
-7.388694456436633118e+01
-7.568569622738471026e+01
-5.920405383563638679e+01
-7.563734917735058616e+01
-8.206316762947790266e+01
-9.032100435114023185e+01
-7.189515675282206075e+01
-7.175623176744738885e+01
-8.219405489296445921e+01
-8.118872207447981282e+01
-7.860327361947537383e+01
-7.428955849372152898e+01
-8.418072118660137448e+01
-8.391890427834664479e+01
-8.739338231336500940e+01
-8.549399800227979540e+01
-9.357232538834966817e+01
-7.811169667511768466e+01
-5.467040460596911089e+01
-8.431746390539547065e+01
-7.021900106633239602e+01
-8.181993148929649351e+01
-8.208376246027000889e+01
-8.527652797047107924e+01
-9.855892170688395026e+01
-7.902906944110691256e+01
-7.304273966647639327e+01
-8.664294064603433299e+01
-6.978399524566810896e+01
-6.552324782999295394e+01
-8.058150239299646955e+01
-8.153037208927526081e+01
-6.261281238326318999e+01
-5.564065279025084010e+01
-7.404531551303227843e+01
-9.519973225690870322e+01
-6.584659846640602154e+01
-8.684360548318556994e+01
-8.385755613006011799e+01
-7.280531979293380118e+01
-8.561105380478312554e+01
-7.758862642320423220e+01
-6.718553276719603673e+01
-8.584406813044449791e+01
-7.527356922459165389e+01
-6.772974409567785870e+01
-7.972399462165742534e+01
-8.579242518734679379e+01
-8.849382040475330768e+01
-5.969332066615874055e+01
-9.278288159688133874e+01
-7.316227568998715469e+01
-7.922350432401299258e+01
-7.113329026004794287e+01
-9.565238542678554268e+01
-7.891052185435046340e+01
-7.487514294444781626e+01
-7.989882662099989830e+01
-6.650267287616952672e+01
-5.465551576532544686e+01
-6.561627239088164742e+01
-7.540478618057272797e+01
-8.356124738723696055e+01
-6.243952239620580258e+01
-6.833191697711072266e+01
-9.309872993146029785e+01
-5.872926413695489600e+01
-7.697802947105537896e+01
-7.335442417122345660e+01
-6.891533769345511473e+01
-8.115240694165078139e+01
-6.947159047752950300e+01
-9.119921740308450353e+01
-8.258375603087580430e+01
-9.828673297917873697e+01
-9.160951601394594945e+01
-7.897353894363186555e+01
-6.024941619588093999e+01
-9.779221979989603142e+01
-8.576066046547936139e+01
-6.145998502893792192e+01
-8.569739057402449589e+01
-7.430550025413083404e+01
-8.325930559907379802e+01
-6.891619988241421879e+01
-7.094900947570806693e+01
-8.117513588071875574e+01
-6.808783116778528210e+01
-8.438747727931666986e+01
-7.892717459694728177e+01
-9.967123120469642572e+01
-9.559133585184019921e+01
-7.614411330119014565e+01
-6.016610160170063182e+01
-8.641413313159949894e+01
-8.357995202072913798e+01
-8.134128917794828340e+01
-7.371685152922077577e+01
-1.095463941450760217e+02
-1.073984411992750552e+02
-7.892550931488983679e+01
-8.133056185666987403e+01
-8.280585170614688195e+01
-8.586264008599135877e+01
-8.962873176205533809e+01
-9.649878330226943035e+01
-1.092153253442839969e+02
-6.592866811973283347e+01
-9.356315975622106862e+01
-7.541782062838620959e+01
-1.059377619320875965e+02
-9.646318074912483098e+01
-7.222726222755022718e+01
-8.945760822578426996e+01
-8.517850169234912983e+01
-8.215171725655136470e+01
-7.136904972348020237e+01
-1.099020912886571466e+02
-7.248458354200903386e+01
-7.569226118842368578e+01
-7.070534997362051399e+01
-7.020822217121019548e+01
-7.268203019019631483e+01
-7.332042144486439383e+01
-5.345728005892738111e+01
-7.231392502823780433e+01
-6.443887467052746842e+01
-6.704409997064863092e+01
-5.996681116471171435e+01
-7.056094086200835136e+01
-9.399532984726056384e+01
-6.603334040009065120e+01
-5.699889978431150439e+01
-4.555315548597002362e+01
-5.700427684605108425e+01
-6.923931377149466471e+01
-4.979901591276103545e+01
-7.802847421560079511e+01
-5.981967699840623709e+01
-7.831523523093312633e+01
-8.107979039561871559e+01
-7.653360396123429155e+01
-7.680491629347932303e+01
-8.207382218178690891e+01
-7.092192092336421183e+01
-8.988763337556537181e+01
-9.910814259753743727e+01
-7.213082665431375062e+01
-9.126181860467227125e+01
-6.968947130099456899e+01
-5.998670620541918197e+01
-7.350572886009092599e+01
-5.860838604580214906e+01
-5.852355025674887656e+01
-8.683209197846599636e+01
-6.723852610530963148e+01
-8.937477047331475433e+01
-7.268629369988451572e+01
-6.828922353290653291e+01
-7.106529460786811114e+01
-5.038135624790174916e+01
-8.519642984276788411e+01
-1.206094121656680613e+02
-6.856043845775081991e+01
-8.015776505497331073e+01
-5.231894025413760119e+01
-5.041236033251419713e+01
-7.275565554683191749e+01
-6.081398827135268448e+01
-5.238521215590884594e+01
-5.368910435586434460e+01
-5.455421395108368188e+01
-5.418950664175667953e+01
-4.825424013954858538e+01
-5.631678467510215569e+01
-5.615288635764341052e+01
-5.547898097203341194e+01
-6.377663514234558306e+01
-5.214422697066828505e+01
-5.943713084551984593e+01
-6.586788807795716139e+01
-6.153493609900311867e+01
-7.201313437910135917e+01
-5.194312312556814959e+01
-4.900895041708304234e+01
-5.061913001582649940e+01
-4.844092315866345189e+01
-5.795553287783729957e+01
-5.537983567353336412e+01
-5.382830185029314407e+01
-6.447048986117368941e+01
-6.299346786277271804e+01
-6.284203085707486025e+01
-7.540290648852823097e+01
-6.510524919485442297e+01
-6.117678803174578661e+01
-5.154089564595324191e+01
-7.853146874245084064e+01
-5.656976278991345453e+01
-4.837078719942536509e+01
-5.899762024474347299e+01
-5.314561779101160255e+01
-5.877226058289443245e+01
-6.396649977517614616e+01
-5.583087604081549671e+01
-5.919551684461231389e+01
-7.896406485698855704e+01
-7.327915421034367682e+01
-5.737733944005594822e+01
-5.617907389910590155e+01
-5.807018944418257433e+01
-6.318381573379519978e+01
-6.028717658118176814e+01
-6.117249162362719517e+01
-6.055037225664727885e+01
-4.374520504502220319e+01
-4.328158138607784622e+01
-3.896839641679360966e+01
-4.626927717896052172e+01
-5.115868931517434248e+01
-3.912897639431201924e+01
-6.468742095520582325e+01
-5.007720898509387553e+01
-5.816568252407779482e+01
-5.597160227783086839e+01
-6.928957248059646190e+01
-5.671550356212554789e+01
-4.070053461321589339e+01
-4.668704564937172563e+01
-5.999610798310607152e+01
-4.985653731587888160e+01
-6.273684318789162262e+01
-4.498049651317785447e+01
-4.685234612327678860e+01
-4.730640640074324210e+01
-5.295871316900570491e+01
-6.148251944336334418e+01
-5.829343713498315083e+01
-7.181539171103474928e+01
-5.781608686202878289e+01
-6.979667115879237826e+01
-7.086854377403324179e+01
-6.292072063996556608e+01
-6.341815116077759740e+01
-7.142127183253063549e+01
-8.461462270358367732e+01
-6.943084438163259620e+01
-6.980558158337703389e+01
-7.948963829988781526e+01
-7.246001607601931482e+01
-5.568897142473031181e+01
-8.376975622287824308e+01
-6.246106409877342003e+01
-6.159624668898902655e+01
-6.626951651235145846e+01
-6.200537883015147145e+01
-7.999340797253478286e+01
-7.038414388872115524e+01
-6.637690482716271845e+01
-8.136217084545415901e+01
-7.889045049431297230e+01
-6.780288954371383170e+01
-7.350050146808439422e+01
-6.671488746607172970e+01
-7.510637259377585906e+01
-7.198139506997608805e+01
-5.337081775671896366e+01
-7.830242579036314510e+01
-6.481421447751756659e+01
-7.938244262363127746e+01
-5.601249208560017223e+01
-7.419749768860816630e+01
-6.227187583242391611e+01
-4.697993169228504939e+01
-8.398885357687646547e+01
-5.664977229085525323e+01
-6.728198554401842557e+01
-5.930087312924871412e+01
-7.145068840923414655e+01
-5.196386568466681410e+01
-5.160650770645884222e+01
-6.800273831959475501e+01
-5.642666493452702525e+01
-8.149409921838491755e+01
-6.532490827441233705e+01
-6.668243309443732869e+01
-6.971660797065311499e+01
-5.352583165332896442e+01
-6.683081230346311941e+01
-8.571572892401565014e+01
-8.761476993940209468e+01
-8.083634923449494636e+01
-9.187910120056062624e+01
-6.719868569280686188e+01
-5.503756420432432606e+01
-6.890903076679546757e+01
-6.991725629218205995e+01
-9.144185194765964297e+01
-6.753781208719044571e+01
-7.753977674302456080e+01
-6.644751673562512906e+01
-7.328764179716853278e+01
-6.044087597711097715e+01
-7.104174800459696826e+01
-6.024376754446456061e+01
-5.959806542605957702e+01
-6.965413371622082650e+01
-5.781017195388733398e+01
-8.247893559713992317e+01
-7.610310492909718505e+01
-8.134998171093030805e+01
-8.516743105332375308e+01
-5.787909522194973988e+01
-6.528855218638653923e+01
-6.579686420755274412e+01
-6.001509040750079294e+01
-6.205516237798002521e+01
-7.702639418676176319e+01
-6.809951973134104719e+01
-6.091908545255694207e+01
-6.399148615227142045e+01
-6.826423483217661214e+01
-7.959868196604230661e+01
-6.623592720878173168e+01
-8.618179391397251266e+01
-8.863362103305502160e+01
-7.359020556830347459e+01
-7.357713162532570550e+01
-1.034134724109309218e+02
-8.520019661644300868e+01
-7.614780151411321185e+01
-8.418020613413915498e+01
-6.963763491301767772e+01
-7.305756373861242992e+01
-9.389478171608573120e+01
-9.322293295107652966e+01
-6.589238319041942304e+01
-7.652232752489777567e+01
-8.263071490606660063e+01
-7.088245688348723661e+01
-6.836665007289013829e+01
-6.103674694472482543e+01
-9.426759676736787696e+01
-8.695031302041735444e+01
-6.800473267757297435e+01
-9.390043491486153471e+01
-9.216382087708768722e+01
-7.467713414922513948e+01
-9.281883990539751039e+01
-8.222609903762048589e+01
-6.686351354668846625e+01
-7.791343352828909019e+01
-1.003330395076015407e+02
-8.484599721340180167e+01
-6.927168348384554974e+01
-5.144844772643830311e+01
-7.395181741133563946e+01
-7.092700392222246819e+01
-6.553261586898514679e+01
-2.802136277784393315e+01
-5.630855385711123517e+01
-6.095642571952851085e+01
-7.701063092616232097e+01
-5.970976670199877390e+01
-5.091747317064425715e+01
-4.954501682404315943e+01
-6.703489123617447376e+01
-7.539972027990415882e+01
-6.747647410403601498e+01
-8.025614409991430875e+01
-4.281626594053841472e+01
-7.025380140108552496e+01
-7.384170247345417692e+01
-7.128447889099641088e+01
-6.928770291349189847e+01
-5.801816465937019984e+01
-4.680764775502416342e+01
-5.104831048518929038e+01
-7.659809866438524750e+01
-3.684968954506530281e+01
-5.482209881926269190e+01
-6.669406646845436626e+01
-6.212827205977816902e+01
-6.977309607046368001e+01
-6.945654791946685691e+01
-7.382994792795932426e+01
-6.463249447199450515e+01
-7.257179657566422293e+01
-5.418797596467527455e+01
-7.192536255164640124e+01
-6.392587959963509547e+01
-5.246525210108529791e+01
-7.727176207073665637e+01
-4.265030522085237408e+01
-5.968170068199589196e+01
-7.403894150987889589e+01
-6.352866665974767102e+01
-6.197654913907962282e+01
-5.010108572662295501e+01
-5.314784514132151116e+01
-5.781444175735805402e+01
-7.273782142161786624e+01
-7.965270087024987333e+01
-7.070452350061884772e+01
-5.759566782905932314e+01
-7.221479641812499040e+01
-7.644491435701871751e+01
-7.639836352338153347e+01
-7.545237575217646508e+01
-6.750801754507176611e+01
-6.788558585934549683e+01
-6.330669203367108366e+01
-5.335172891240483750e+01
-4.675472422679979445e+01
-6.297615213038221782e+01
-5.903074295243067127e+01
-5.802802619623025748e+01
-7.845473583596651679e+01
-6.593452716681133552e+01
-7.536419550765231179e+01
-6.807710552815592564e+01
-6.031588027411567055e+01
-5.301327394569597118e+01
-6.414894129474356532e+01
-4.934205587075524591e+01
-5.707869492495132135e+01
-5.077839318370536148e+01
-6.831009604612631847e+01
-5.859777624834032395e+01
-6.569823200207451919e+01
-6.063218451513677110e+01
-6.058305407892885341e+01
-6.528179417957846908e+01
-5.956678011530135564e+01
-6.313937219851942473e+01
-5.103806414910280864e+01
-5.070220402266795645e+01
-5.722027406191011778e+01
-6.050288106461186999e+01
-6.191503055055642335e+01
-5.774966193180085838e+01
-5.858560744181647806e+01
-5.276031309412201153e+01
-4.997374692970049637e+01
-6.773637890587161792e+01
-5.910524561687833511e+01
-6.475862639389947617e+01
-6.485085157944286038e+01
-6.331166323082067038e+01
-6.892125036128243210e+01
-5.678993738890244458e+01
-7.296118063212156812e+01
-4.981222217562697097e+01
-6.792279313676846186e+01
-6.293275537477700254e+01
-6.819633675203391476e+01
-3.935086333633353206e+01
-5.321077500658890358e+01
-4.846292660364940730e+01
-6.798096569167967118e+01
-4.507442921509527878e+01
-7.406075503703300456e+01
-5.883718186283090290e+01
-5.257239860706044965e+01
-5.648874449516966934e+01
-5.065664419809394303e+01
-7.052173566534827387e+01
-7.788430404019572961e+01
-6.384462020282558115e+01
-6.170345587907814888e+01
-5.313596148881111958e+01
-6.777885509558046806e+01
-7.996139372750718621e+01
-6.546300663305117951e+01
-7.250840762258894756e+01
-6.816984520875513454e+01
-5.854336272300395194e+01
-4.769288026967603855e+01
-8.292623529735050170e+01
-8.503140199066587002e+01
-6.479653223644049831e+01
-8.439529573941047147e+01
-5.833893959698048093e+01
-5.793024337402772517e+01
-7.114482514578617156e+01
-5.693655433472758887e+01
-6.408681681637790462e+01
-7.140929088693752647e+01
-6.787060942514813178e+01
-4.796068629415026408e+01
-7.093484929311813403e+01
-5.554203502929067326e+01
-6.736960310800100160e+01
-5.156267325465955764e+01
-5.938796368978552209e+01
-4.008509284716564025e+01
-4.052606359232834166e+01
-6.148468804746920569e+01
-5.260846859925339913e+01
-6.165173518900559202e+01
-7.905907687774174519e+01
-6.647118920153195631e+01
-5.699185071423778481e+01
-6.035768410844053733e+01
-7.267520777879889238e+01
-6.882926597333698737e+01
-7.653133693558885398e+01
-8.220905148147073760e+01
-7.329234276957197380e+01
-6.801789451318768442e+01
-6.848081951744666185e+01
-9.813372080051897228e+01
-9.842435120091261069e+01
-8.388587236802834468e+01
-7.701315290104656697e+01
-6.791202944062570168e+01
-9.944840312910690727e+01
-8.160075551356516144e+01
-9.878054609817604614e+01
-6.441308321667497694e+01
-9.038021787726506773e+01
-8.627122048748481120e+01
-7.733474850439409920e+01
-8.721796587938479206e+01
-7.370876989256419165e+01
-8.924761553432728078e+01
-9.747954960243902178e+01
-8.554543794022418979e+01
-8.605327863470313332e+01
-8.349992893515002379e+01
-9.302665788474081410e+01
-8.755715890620354003e+01
-9.395406782671273049e+01
-8.494382949906645308e+01
-9.159006754813276530e+01
-6.677673223025647076e+01
-6.939641472073105888e+01
-6.182589592009941271e+01
-7.242421182893355081e+01
-1.002966462974759452e+02
-8.193201158066892731e+01
-8.555525760116978518e+01
-3.592341106688093078e+01
-5.496988026880922007e+01
-4.740656567323765103e+01
-5.544145650672589909e+01
-4.200253540012045050e+01
-5.890193423062783040e+01
-5.877396052461756426e+01
-7.984699890655912213e+01
-7.088242244138149317e+01
-8.304758625172240727e+01
-6.020397530245770668e+01
-6.886090510842893764e+01
-6.591582884236498785e+01
-6.498981118420749681e+01
-7.037372937138547968e+01
-5.522700624267179137e+01
-7.032224422729353819e+01
-7.351327373790809361e+01
-6.224238776876330803e+01
-7.184896741177243484e+01
-7.202115837573012413e+01
-7.141959972696031400e+01
-6.923037625347808444e+01
-6.767437992443666417e+01
-7.016938288478615959e+01
-8.984527284859899510e+01
-9.268448341454984529e+01
-5.980159702520097653e+01
-7.152612822640173817e+01
-6.672838500825287156e+01
-7.117988332929883200e+01
-5.920740466377742450e+01
-6.168910692116759265e+01
-7.956373152827973172e+01
-6.726138638727934449e+01
-7.601339884742736785e+01
-7.077068873606026500e+01
-7.955889290124036961e+01
-8.072127036361592900e+01
-8.941186383251573488e+01
-7.380731209390341974e+01
-9.463030396894811247e+01
-9.497210004067892442e+01
-7.150643694729956223e+01
-9.685599822283734284e+01
-1.122441970888909282e+02
-1.013218784604256371e+02
-1.170299550532389503e+02
-7.224994469021180521e+01
-9.092267107151081973e+01
-8.689488527798880568e+01
-9.711313094930045509e+01
-1.078427612896240362e+02
-1.046373327236051409e+02
-1.012647391156671119e+02
-9.141093810007043885e+01
-1.171995684931671917e+02
-1.106781617958146455e+02
-1.042570320582591421e+02
-1.066884863495008631e+02
-1.235725879579155446e+02
-1.052953304758779893e+02
-9.282492561446974833e+01
-7.652279039947222827e+01
-6.962560127172042712e+01
-7.513922668870270627e+01
-7.138186813639799766e+01
-8.085021819910889462e+01
-6.123809585847391190e+01
-6.823845225063098496e+01
-7.868771075366629475e+01
-7.800919859736649187e+01
-5.003809579250901152e+01
-6.772341272251139799e+01
-8.150184985801740822e+01
-5.131865357904638358e+01
-3.117454413222770881e+01
-9.742421667312441969e+00
-3.904624185050192864e+01
-6.898226992707066074e+01
-7.291052253914847370e+01
-8.648479562876804039e+01
-7.231470153509650345e+01
-8.240976001055202005e+01
-8.702222164555655581e+01
-8.634820586146304322e+01
-7.940809127100760634e+01
-7.069731109035774352e+01
-6.269342678236142774e+01
-7.857612977684550515e+01
-8.200706303080761472e+01
-7.721728142805045536e+01
-8.047969704682515157e+01
-6.964865159925750504e+01
-7.133046009890927053e+01
-7.054298722650054287e+01
-6.292228492845919163e+01
-6.802519397469495743e+01
-6.477481471736916774e+01
-8.099554370229594724e+01
-6.745620233330299698e+01
-7.575358868239464982e+01
-7.177383248927492332e+01
-6.993948607838717635e+01
-8.009841955977367434e+01
-7.288004367876806100e+01
-7.064499223535034389e+01
-6.906238136810605965e+01
-5.703664726452143441e+01
-6.713128561740830946e+01
-7.143848909719025642e+01
-7.615442738660453870e+01
-7.207920090295880300e+01
-6.252866210114467549e+01
-7.686935216046151709e+01
-6.742998204498030645e+01
-6.877764595229200495e+01
-8.414754466377542030e+01
-6.339496551950111325e+01
-5.726853063777389252e+01
-8.244290787560242961e+01
-6.064861478704392539e+01
-8.074344393378112272e+01
-7.643883956766273968e+01
-7.299249387217389540e+01
-7.008013357103453700e+01
-7.181085119646547810e+01
-8.156602703819885392e+01
-9.039970878197726734e+01
-6.558487395406365295e+01
-6.443908388617143146e+01
-6.429841755888787702e+01
-7.736582459366178455e+01
-8.270513430088010409e+01
-7.109061383655881627e+01
-8.088010213373269153e+01
-8.548521311450650728e+01
-8.162819392682433772e+01
-7.454106672324246574e+01
-7.098374886558849539e+01
-9.338201192713177079e+01
-7.929993512440449877e+01
-6.702970799191956530e+01
-6.531168298613454226e+01
-6.146839287853202904e+01
-8.037812173754855394e+01
-5.920509573582364737e+01
-5.786804319868883795e+01
-7.284440763193725843e+01
-6.128196547584570908e+01
-8.285889848945026870e+01
-5.701772722574139607e+01
-5.207527763378266172e+01
-7.220553816857636775e+01
-6.440767052768615031e+01
-6.612293992077820803e+01
-8.557660050104345828e+01
-7.126179349584697320e+01
-6.337694044426223172e+01
-7.233137646164038870e+01
-6.162807390244324779e+01
-7.505328627563591226e+01
-8.089338736446399025e+01
-8.508680349877033677e+01
-6.715186918641813918e+01
-8.591388778047468122e+01
-5.904948289650906190e+01
-6.502187422859526578e+01
-7.501781408115704153e+01
-7.869605463967161540e+01
-6.827995071721034037e+01
-4.186807806517788322e+01
-5.420828590103383249e+01
-7.668586982535492780e+01
-5.308958508201277482e+01
-4.849969486139480068e+01
-7.617014097288227958e+01
-6.767751491588279578e+01
-5.614137048535457097e+01
-7.081264249104924602e+01
-6.696998804896855972e+01
-5.156723080771678269e+01
-5.579984028261975482e+01
-5.788948366957686176e+01
-6.541692035147741535e+01
-7.151052911330299366e+01
-5.629961442979981712e+01
-6.754764007028057904e+01
-7.650596679439752279e+01
-9.198302652039762961e+01
-7.354636378957070519e+01
-6.816486576593410973e+01
-6.840608151304257945e+01
-7.297686676117285742e+01
-6.205925962837335419e+01
-5.763733249219978916e+01
-5.931073207569261285e+01
-6.914307333609150419e+01
-6.987262341828125045e+01
-7.629839256047688423e+01
-5.726369612819871691e+01
-7.577098717398990857e+01
-8.509623153801794615e+01
-6.802574766099644421e+01
-7.022124537238846642e+01
-6.239796565157763553e+01
-7.290316970976260791e+01
-7.558393125594585626e+01
-8.884712201799663944e+01
-7.369649306760527452e+01
