# Dihedral Distance
 -81.07966   33.80543
 -81.07966   33.80543
 -65.78230   33.44331
 -68.36732   32.28878
 -73.59915   31.96579
 -88.75896   32.45924
 -68.68884   33.10619
 -44.34479   32.80442
 -59.60048   33.84087
 -61.17883   33.18511
 -60.50698   33.16864
 -90.48666   33.19294
 -80.89715   33.50385
 -72.80468   32.83756
 -73.04248   33.54689
 -65.60984   32.65573
 -60.09812   33.32740
 -96.86147   32.97807
 -87.35581   32.79002
 -75.70344   33.43195
 -72.05514   32.67073
 -85.27218   31.99291
 -87.09670   32.19224
 -88.73557   31.73821
 -83.20097   32.57282
 -91.44370   32.82064
 -84.85361   31.90581
-101.64609   32.67971
 -95.78377   33.40991
 -70.85753   33.64508
 -83.05355   32.53811
 -77.49877   30.34099
 -24.28574   30.30769
 -53.01819   29.58762
 -77.93106   31.00567
 -44.78798   33.80124
 -37.97513   32.49225
 -16.54534   33.60323
 -50.20222   32.75823
 -85.11213   32.72726
 -86.79012   32.23256
 -58.18361   32.65897
 -70.85936   33.54595
 -88.92200   32.34424
 -73.86674   33.15668
 -55.77379   32.64148
 -60.96264   34.80233
 -62.99298   33.66908
 -70.91977   33.99676
 -32.66165   33.55691
 -18.76382   35.80788
 -32.07881   34.66607
 -17.28192   32.48568
 -44.66685   33.88920
 -33.91356   32.99558
 -33.85183   32.80267
 -35.15014   33.32126
 -24.33067   34.67038
 -38.54479   34.15346
 -70.41883   34.07953
 -60.62172   33.90671
 -65.70493   33.45017
 -87.51564   32.45346
 -72.59231   32.68760
 -56.00452   33.75597
 -61.83911   32.41377
 -46.82676   33.26032
 -47.85536   33.85688
 -79.69237   34.16473
 -72.42462   32.09079
 -61.20909   32.85504
 -40.69864   33.57625
 -51.23720   33.54515
 -53.25329   34.23886
 -48.17254   34.03606
 -39.55834   33.67059
 -51.19834   33.52362
 -66.21857   33.96428
 -94.49764   32.62266
 -55.93942   33.68103
 -62.74671   33.84734
 -44.11642   32.72147
 -49.46880   33.58318
 -59.37436   33.77608
 -62.07615   34.36197
 -55.11676   33.64850
 -46.32853   32.26451
 -68.98248   31.83272
 -73.07502   33.24816
 -61.61035   32.63452
 -63.40734   33.44886
 -54.72088   33.66845
 -64.62203   33.84389
 -50.65683   33.28454
 -72.45142   34.21023
 -54.89524   33.20852
 -61.20211   31.27650
 -71.42124   32.27412
 -44.60508   33.40112
 -61.89444   32.40418
 -77.62748   32.33863
 -78.47954   33.10101
 -70.25408   33.22188
 -50.67699   33.87901
 -81.11496   33.28108
 -78.40283   33.47882
 -63.56020   32.97031
 -76.13127   32.68574
 -52.93955   33.28662
 -62.29536   33.04287
 -86.19478   32.00449
 -83.82621   32.09788
 -52.51981   32.56220
 -43.06266   32.97356
 -67.41325   32.00953
 -43.66506   32.86970
 -62.02593   32.19246
 -49.06687   32.95403
 -48.00753   33.23029
 -51.48021   33.56570
 -46.43076   33.32288
 -51.42835   33.60474
 -60.24581   32.83394
 -67.13721   32.89446
 -64.97953   32.62728
 -60.00587   33.04839
 -77.23378   33.06402
 -52.02545   32.44751
 -56.63577   32.66145
 -53.55637   33.59622
 -69.44394   33.10353
 -62.18914   31.74918
 -74.50869   32.87444
 -67.65149   31.79696
 -85.46121   31.79639
 -78.41569   32.36325
-103.33911   32.86791
 -63.32225   33.14264
 -97.10234   31.79211
 -87.70088   33.32820
 -71.97248   33.15086
 -63.63801   34.34909
 -56.47496   32.48429
 -76.23254   32.92163
 -68.04594   33.13239
 -76.42175   32.88838
 -64.25415   31.33994
 -59.75795   32.64123
 -92.01656   32.63302
 -74.02173   32.75100
 -80.64254   33.12584
 -62.74701   34.12899
 -68.52922   32.67400
 -76.27880   33.29750
 -68.32480   33.41401
 -68.45838   32.56657
 -71.97750   32.25460
 -78.71782   32.79462
 -67.21230   32.18189
 -84.43099   31.95353
 -85.73276   31.63041
 -96.49356   31.64684
 -85.23023   32.55075
 -69.52605   33.30262
 -87.03212   32.96440
 -89.92754   32.81416
 -76.72516   33.31123
 -80.78908   32.61462
 -77.42768   32.36058
 -74.76750   33.05639
 -92.59770   32.86406
 -88.14535   32.48087
 -71.09525   32.88943
 -74.12343   32.88262
 -77.13851   31.85392
 -75.99419   32.50761
 -67.47061   33.36816
 -73.73325   33.34591
 -93.82737   33.56921
 -72.54151   33.04880
 -81.85875   32.69565
 -91.82548   34.36306
 -81.35969   31.84936
 -60.02735   31.63362
 -84.66236   32.82096
 -73.07361   32.05158
 -88.77194   33.55272
 -67.62561   33.95884
 -91.17786   33.10379
 -86.32014   32.28275
 -70.47352   31.38505
 -82.25240   32.78853
 -81.26606   33.88568
 -71.87556   32.75515
 -94.76154   32.61967
 -77.14545   33.49854
 -70.44272   32.80952
 -76.98560   32.87551
 -83.04608   32.83267
 -70.38774   32.33631
 -70.03830   32.89740
 -76.93402   33.38314
 -68.61808   32.74976
 -88.15487   32.78603
 -83.38892   34.49338
 -80.81687   33.46704
 -96.55593   32.96936
 -85.03652   32.90068
 -83.85631   33.34621
 -88.49358   32.30639
 -81.99586   31.73621
 -76.18057   32.74305
 -78.56163   31.70702
 -76.91566   31.14636
 -80.61219   32.38875
 -77.80570   32.52363
 -76.34612   33.40094
 -76.56077   31.21916
 -72.63930   32.25798
 -70.69820   32.50520
 -89.49945   31.34630
 -72.87687   32.28550
 -70.63785   32.72509
 -68.46630   32.21588
 -64.42330   32.95170
 -64.06367   31.82016
 -67.74704   31.25825
 -73.31187   32.36781
 -72.88972   33.01941
 -76.63587   33.83051
 -78.04400   33.03230
 -70.60798   32.33582
 -58.29600   32.34308
 -93.13432   32.16285
 -64.78139   30.97930
 -98.01460   31.88043
 -69.39569   33.26841
 -80.02931   32.38534
 -58.14958   32.26022
 -72.48532   33.85854
 -69.15378   33.68483
 -97.79177   32.39888
 -57.21507   32.88654
 -65.95638   32.82363
 -69.11882   33.13106
 -77.20027   32.82744
 -64.44517   32.65667
 -77.13410   32.98102
 -66.82872   31.44397
 -73.88694   32.74047
 -75.68570   32.16465
 -59.20405   32.99997
 -75.63735   32.88041
 -82.06317   33.75162
 -90.32100   34.10854
 -71.89516   32.90465
 -71.75623   32.37600
 -82.19405   32.92228
 -81.18872   32.74937
 -78.60327   32.33004
 -74.28956   32.42564
 -84.18072   32.27338
 -83.91890   33.47017
 -87.39338   33.16227
 -85.49400   33.71490
 -93.57233   32.36706
 -78.11170   32.23556
 -54.67040   33.16747
 -84.31746   32.47655
 -70.21900   30.71538
 -81.81993   30.79409
 -82.08376   32.65459
 -85.27653   32.76408
 -98.55892   32.43380
 -79.02907   32.59988
 -73.04274   33.20692
 -86.64294   32.92359
 -69.78400   33.60812
 -65.52325   32.45336
 -80.58150   32.25703
 -81.53037   32.95980
 -62.61281   32.05023
 -55.64065   33.12360
 -74.04532   32.09066
 -95.19973   32.20059
 -65.84660   33.43431
 -86.84361   31.62347
 -83.85756   34.09417
 -72.80532   34.10149
 -85.61105   32.89655
 -77.58863   33.98916
 -67.18553   34.38015
 -85.84407   33.75345
 -75.27357   33.85648
 -67.72974   32.03016
 -79.72399   31.33385
 -85.79243   32.21067
 -88.49382   32.13281
 -59.69332   30.49304
 -92.78288   32.00391
 -73.16228   31.40806
 -79.22350   32.80982
 -71.13329   33.05420
 -95.65239   31.45919
 -78.91052   31.43223
 -74.87514   32.61983
 -79.89883   33.30572
 -66.50267   32.48707
 -54.65552   32.97456
 -65.61627   32.87930
 -75.40479   33.27877
 -83.56125   33.59697
 -62.43952   33.48789
 -68.33192   32.19352
 -93.09873   33.96007
 -58.72926   34.79504
 -76.97803   32.72125
 -73.35442   34.25432
 -68.91534   33.92130
 -81.15241   33.11546
 -69.47159   31.90844
 -91.19922   31.25428
 -82.58376   31.29956
 -98.28673   32.58161
 -91.60952   31.81117
 -78.97354   31.45281
 -60.24942   32.81237
 -97.79222   32.52369
 -85.76066   32.69155
 -61.45999   32.73401
 -85.69739   30.87749
 -74.30550   31.06868
 -83.25931   34.08135
 -68.91620   32.74299
 -70.94901   32.54450
 -81.17514   32.39972
 -68.08783   30.10469
 -84.38748   31.87083
 -78.92717   31.56101
 -99.67123   31.57226
 -95.59134   30.32084
 -76.14411   32.20895
 -60.16610   33.00071
 -86.41413   30.16523
 -83.57995   31.32781
 -81.34129   30.11301
 -73.71685   32.42871
-109.54639   30.10425
-107.39844   30.26442
 -78.92551   31.17605
 -81.33056   32.33125
 -82.80585   31.33851
 -85.86264   30.97518
 -89.62873   29.26611
 -96.49878   31.63800
-109.21533   28.84135
 -65.92867   30.29443
 -93.56316   30.86912
 -75.41782   29.56224
-105.93776   29.61275
 -96.46318   30.51227
 -72.22726   31.11063
 -89.45761   29.58825
 -85.17850   31.37368
 -82.15172   31.68448
 -71.36905   32.41857
-109.90209   32.39214
 -72.48458   33.37564
 -75.69226   31.78879
 -70.70535   32.30338
 -70.20822   32.62928
 -72.68203   32.18685
 -73.32042   32.40967
 -53.45728   32.55387
 -72.31393   33.14378
 -64.43887   32.70244
 -67.04410   33.75029
 -59.96681   33.57566
 -70.56094   33.10861
 -93.99533   33.67435
 -66.03334   33.28756
 -56.99890   33.30472
 -45.55316   33.73821
 -57.00428   33.71726
 -69.23931   33.61115
 -49.79902   33.95844
 -78.02847   31.70540
 -59.81968   33.58442
 -78.31524   33.40225
 -81.07979   33.60564
 -76.53360   33.77291
 -76.80492   32.73633
 -82.07382   32.33021
 -70.92192   34.01731
 -89.88763   32.94312
 -99.10814   33.57167
 -72.13083   32.81399
 -91.26182   34.04270
 -69.68947   32.87710
 -59.98671   33.88073
 -73.50573   32.44431
 -58.60839   31.97211
 -58.52355   33.65149
 -86.83209   32.52246
 -67.23853   34.15957
 -89.37477   32.35060
 -72.68629   32.52142
 -68.28922   32.78370
 -71.06529   31.60190
 -50.38136   33.31178
 -85.19643   33.56714
-120.60941   32.17049
 -68.56044   33.20440
 -80.15777   32.11907
 -52.31894   33.61014
 -50.41236   33.96142
 -72.75566   33.66291
 -60.81399   32.74299
 -52.38521   32.23042
 -53.68910   32.68426
 -54.55421   30.84268
 -54.18951   31.87093
 -48.25424   32.45596
 -56.31678   32.40099
 -56.15289   32.54959
 -55.47898   31.73703
 -63.77664   32.70840
 -52.14423   31.56191
 -59.43713   32.33209
 -65.86789   33.06635
 -61.53494   32.55464
 -72.01313   32.38485
 -51.94312   31.68102
 -49.00895   32.33348
 -50.61913   32.35053
 -48.44092   32.42812
 -57.95553   33.16686
 -55.37984   34.18399
 -53.82830   32.49616
 -64.47049   32.25688
 -62.99347   31.27649
 -62.84203   31.29865
 -75.40291   31.62642
 -65.10525   32.16855
 -61.17679   33.41798
 -51.54090   32.26582
 -78.53147   30.95982
 -56.56976   31.74491
 -48.37079   31.79378
 -58.99762   32.45262
 -53.14562   32.49607
 -58.77226   32.29025
 -63.96650   32.38224
 -55.83088   32.18401
 -59.19552   31.13066
 -78.96406   32.21727
 -73.27915   32.12113
 -57.37734   32.85226
 -56.17907   32.50687
 -58.07019   32.32492
 -63.18382   32.78954
 -60.28718   31.85086
 -61.17249   31.53986
 -60.55037   33.41822
 -43.74521   32.33660
 -43.28158   33.04619
 -38.96840   32.70974
 -46.26928   33.51753
 -51.15869   31.46167
 -39.12898   32.73498
 -64.68742   32.05877
 -50.07721   32.02291
 -58.16568   32.91681
 -55.97160   33.31693
 -69.28957   32.22901
 -56.71550   32.83578
 -40.70053   32.82627
 -46.68705   32.96230
 -59.99611   32.61522
 -49.85654   31.01133
 -62.73684   32.05894
 -44.98050   32.12593
 -46.85235   33.26466
 -47.30641   32.45367
 -52.95871   31.91840
 -61.48252   32.93428
 -58.29344   32.53237
 -71.81539   33.58637
 -57.81609   32.52520
 -69.79667   33.87801
 -70.86854   31.75231
 -62.92072   33.41228
 -63.41815   33.02469
 -71.42127   32.57375
 -84.61462   33.26913
 -69.43084   33.26944
 -69.80558   32.38760
 -79.48964   31.12201
 -72.46002   32.26254
 -55.68897   32.26963
 -83.76976   32.46938
 -62.46106   33.19635
 -61.59625   32.15051
 -66.26952   33.97544
 -62.00538   32.54562
 -79.99341   32.63466
 -70.38414   31.99386
 -66.37690   33.16739
 -81.36217   32.21273
 -78.89045   31.81400
 -67.80289   33.19796
 -73.50050   31.89556
 -66.71489   32.84425
 -75.10637   32.85516
 -71.98140   31.70872
 -53.37082   31.96063
 -78.30243   32.29243
 -64.81421   32.40485
 -79.38244   31.11362
 -56.01249   32.66236
 -74.19750   33.05178
 -62.27188   32.92261
 -46.97993   33.07687
 -83.98885   32.87138
 -56.64977   32.00207
 -67.28199   33.58978
 -59.30087   32.82415
 -71.45069   34.14613
 -51.96387   32.31901
 -51.60651   32.88432
 -68.00274   31.80279
 -56.42666   34.11603
 -81.49410   32.83673
 -65.32491   33.73663
 -66.68243   34.16354
 -69.71661   33.51974
 -53.52583   31.74162
 -66.83081   32.22091
 -85.71573   33.57251
 -87.61477   32.42485
 -80.83635   32.82442
 -91.87910   33.47810
 -67.19869   31.87275
 -55.03756   33.29762
 -68.90903   32.14686
 -69.91726   32.98774
 -91.44185   32.50504
 -67.53781   32.25573
 -77.53978   33.42620
 -66.44752   33.31001
 -73.28764   33.43360
 -60.44088   33.61451
 -71.04175   32.32819
 -60.24377   31.65837
 -59.59807   32.04904
 -69.65413   32.11916
 -57.81017   32.46675
 -82.47894   33.67848
 -76.10310   33.49067
 -81.34998   33.02285
 -85.16743   33.30323
 -57.87910   33.81991
 -65.28855   33.21386
 -65.79686   34.09418
 -60.01509   34.64045
 -62.05516   32.62534
 -77.02639   32.33831
 -68.09952   33.96193
 -60.91909   32.41692
 -63.99149   32.33289
 -68.26423   33.40342
 -79.59868   31.70206
 -66.23593   33.21558
 -86.18179   31.76333
 -88.63362   33.69806
 -73.59021   33.09954
 -73.57713   32.72738
-103.41347   31.42939
 -85.20020   32.70396
 -76.14780   32.45647
 -84.18021   33.77182
 -69.63763   33.01770
 -73.05756   33.58826
 -93.89478   31.49358
 -93.22293   32.08770
 -65.89238   33.62283
 -76.52233   33.28558
 -82.63071   32.78327
 -70.88246   32.63839
 -68.36665   33.22128
 -61.03675   33.07552
 -94.26760   32.49850
 -86.95031   32.43191
 -68.00473   34.33517
 -93.90043   34.10303
 -92.16382   31.44408
 -74.67713   32.22038
 -92.81884   33.03561
 -82.22610   32.39498
 -66.86351   33.74293
 -77.91343   32.83086
-100.33304   33.31183
 -84.84600   30.84310
 -69.27168   32.25732
 -51.44845   32.34938
 -73.95182   31.85262
 -70.92700   33.50949
 -65.53262   34.20827
 -28.02136   33.85501
 -56.30855   32.30495
 -60.95643   31.79585
 -77.01063   32.62045
 -59.70977   31.94765
 -50.91747   32.38257
 -49.54502   32.76377
 -67.03489   34.36338
 -75.39972   31.90624
 -67.47647   32.56441
 -80.25614   31.96339
 -42.81627   32.80028
 -70.25380   32.16296
 -73.84170   32.65607
 -71.28448   32.78727
 -69.28770   31.92958
 -58.01816   32.19020
 -46.80765   31.43032
 -51.04831   31.49375
 -76.59810   32.12382
 -36.84969   32.06648
 -54.82210   31.83724
 -66.69407   32.11739
 -62.12827   33.38690
 -69.77310   32.56256
 -69.45655   32.53784
 -73.82995   32.98270
 -64.63249   32.56383
 -72.57180   32.42476
 -54.18798   31.89804
 -71.92536   32.42516
 -63.92588   33.52917
 -52.46525   32.99046
 -77.27176   32.26590
 -42.65031   33.27299
 -59.68170   31.97335
 -74.03894   32.83928
 -63.52867   33.28357
 -61.97655   32.13940
 -50.10109   31.86915
 -53.14785   31.34936
 -57.81444   32.66137
 -72.73782   30.32982
 -79.65270   31.78747
 -70.70452   32.11559
 -57.59567   33.22064
 -72.21480   31.47081
 -76.44491   32.40889
 -76.39836   32.46490
 -75.45238   32.23049
 -67.50802   32.92548
 -67.88559   32.72989
 -63.30669   33.04756
 -53.35173   32.92725
 -46.75472   32.71151
 -62.97615   33.11481
 -59.03074   32.12368
 -58.02803   33.40113
 -78.45474   31.92323
 -65.93453   33.52877
 -75.36420   33.52948
 -68.07711   32.18440
 -60.31588   32.42854
 -53.01327   32.96981
 -64.14894   32.17245
 -49.34206   34.55425
 -57.07869   34.06827
 -50.77839   33.67829
 -68.31010   32.79687
 -58.59778   33.28165
 -65.69823   31.68287
 -60.63218   32.37669
 -60.58305   32.66974
 -65.28179   32.77681
 -59.56678   33.40043
 -63.13937   32.45145
 -51.03806   33.25208
 -50.70220   32.92191
 -57.22027   33.72450
 -60.50288   33.35138
 -61.91503   34.18190
 -57.74966   32.60085
 -58.58561   32.68722
 -52.76031   33.48783
 -49.97375   32.64166
 -67.73638   34.78667
 -59.10525   34.44740
 -64.75863   34.71136
 -64.85085   33.13316
 -63.31166   33.20027
 -68.92125   32.99269
 -56.78994   31.67939
 -72.96118   31.72759
 -49.81222   34.13077
 -67.92279   33.36037
 -62.93276   33.29947
 -68.19634   32.33722
 -39.35086   31.50886
 -53.21078   33.41714
 -48.46293   33.77108
 -67.98097   33.02305
 -45.07443   31.97285
 -74.06076   32.71920
 -58.83718   32.50581
 -52.57240   32.91098
 -56.48874   33.87220
 -50.65664   33.28026
 -70.52174   32.92676
 -77.88430   32.32092
 -63.84462   32.71862
 -61.70346   32.46186
 -53.13596   32.58073
 -67.77886   32.69382
 -79.96139   31.23014
 -65.46301   32.97936
 -72.50841   32.58369
 -68.16985   32.54972
 -58.54336   33.45863
 -47.69288   31.48312
 -82.92624   32.79663
 -85.03140   32.77560
 -64.79653   33.14942
 -84.39530   32.94683
 -58.33894   32.86022
 -57.93024   32.84468
 -71.14483   32.91437
 -56.93655   33.98457
 -64.08682   33.56605
 -71.40929   32.73880
 -67.87061   33.24070
 -47.96069   32.32981
 -70.93485   30.90880
 -55.54204   32.35345
 -67.36960   32.44847
 -51.56267   32.61605
 -59.38796   31.92775
 -40.08509   33.44673
 -40.52606   34.14259
 -61.48469   33.98974
 -52.60847   34.23245
 -61.65174   34.56941
 -79.05908   33.01742
 -66.47119   33.30404
 -56.99185   32.54784
 -60.35768   32.40557
 -72.67521   33.58162
 -68.82927   33.85310
 -76.53134   32.93176
 -82.20905   33.68936
 -73.29234   32.88546
 -68.01789   32.44400
 -68.48082   31.40316
 -98.13372   33.16381
 -98.42435   31.75609
 -83.88587   31.07934
 -77.01315   32.62729
 -67.91203   33.11937
 -99.44840   32.74006
 -81.60076   32.16540
 -98.78055   31.84009
 -64.41308   32.36713
 -90.38022   32.70464
 -86.27122   33.48802
 -77.33475   31.66974
 -87.21797   32.63182
 -73.70877   33.25145
 -89.24762   31.65904
 -97.47955   31.31063
 -85.54544   32.77873
 -86.05328   32.79473
 -83.49993   31.59587
 -93.02666   31.03208
 -87.55716   31.88641
 -93.95407   32.59943
 -84.94383   32.52150
 -91.59007   32.16692
 -66.77673   31.55939
 -69.39641   31.41520
 -61.82590   32.71495
 -72.42421   32.64317
-100.29665   32.57973
 -81.93201   32.67655
 -85.55526   33.26674
 -35.92341   31.70341
 -54.96988   31.73228
 -47.40657   32.16312
 -55.44146   32.95069
 -42.00254   32.80661
 -58.90193   32.85925
 -58.77396   33.10817
 -79.84700   32.53521
 -70.88242   32.63678
 -83.04759   32.61604
 -60.20398   33.27052
 -68.86091   33.83208
 -65.91583   32.66679
 -64.98981   32.97989
 -70.37373   32.64365
 -55.22701   32.51666
 -70.32224   31.61177
 -73.51327   33.90783
 -62.24239   32.50677
 -71.84897   32.97964
 -72.02116   33.37553
 -71.41960   32.44985
 -69.23038   34.53661
 -67.67438   31.93097
 -70.16938   31.94961
 -89.84527   32.48642
 -92.68448   34.45338
 -59.80160   32.29741
 -71.52613   32.38574
 -66.72839   34.19158
 -71.17988   32.67079
 -59.20740   31.60870
 -61.68911   31.09084
 -79.56373   31.91628
 -67.26139   33.94530
 -76.01340   32.51338
 -70.77069   31.61190
 -79.55889   32.85315
 -80.72127   32.74971
 -89.41186   32.45056
 -73.80731   32.32645
 -94.63030   33.04857
 -94.97210   33.54660
 -71.50644   33.21102
 -96.85600   32.56474
-112.24420   32.99686
-101.32188   32.69314
-117.02996   32.17694
 -72.24994   32.45912
 -90.92267   32.25887
 -86.89489   32.46119
 -97.11313   32.74599
-107.84276   32.52919
-104.63733   31.93490
-101.26474   32.49672
 -91.41094   32.30643
-117.19957   31.92051
-110.67816   32.83591
-104.25703   32.35626
-106.68849   32.59460
-123.57259   33.16792
-105.29533   32.06265
 -92.82493   31.68185
 -76.52279   32.43866
 -69.62560   31.91144
 -75.13923   32.19642
 -71.38187   32.44264
 -80.85022   32.37950
 -61.23810   32.69728
 -68.23845   32.65821
 -78.68771   31.39840
 -78.00920   32.71318
 -50.03810   33.30964
 -67.72341   32.06285
 -81.50185   32.09238
 -51.31865   31.41438
 -31.17454   29.73348
  -9.74242   30.17362
 -39.04624   33.24059
 -68.98227   34.18575
 -72.91052   33.82502
 -86.48480   32.55870
 -72.31470   33.88508
 -82.40976   33.23349
 -87.02222   33.93593
 -86.34821   33.35244
 -79.40809   32.28949
 -70.69731   33.27194
 -62.69343   32.06467
 -78.57613   31.78058
 -82.00706   32.68541
 -77.21728   32.36918
 -80.47970   32.20474
 -69.64865   31.39744
 -71.33046   31.86604
 -70.54299   32.25150
 -62.92228   34.37432
 -68.02519   31.43434
 -64.77481   32.03487
 -80.99554   32.84011
 -67.45620   31.57261
 -75.75359   32.75810
 -71.77383   32.14113
 -69.93949   32.10226
 -80.09842   33.92340
 -72.88004   31.71083
 -70.64499   32.60238
 -69.06238   33.74585
 -57.03665   33.38062
 -67.13129   32.87525
 -71.43849   32.50322
 -76.15443   32.45468
 -72.07920   33.47548
 -62.52866   33.61195
 -76.86935   32.07217
 -67.42998   32.06322
 -68.77765   33.01568
 -84.14754   33.22321
 -63.39497   32.35808
 -57.26853   32.48769
 -82.44291   32.47593
 -60.64861   32.35257
 -80.74344   32.54499
 -76.43884   32.03397
 -72.99249   32.46532
 -70.08013   31.89551
 -71.81085   32.11829
 -81.56603   31.97416
 -90.39971   32.42047
 -65.58487   31.42833
 -64.43908   32.83421
 -64.29842   31.19768
 -77.36582   32.27435
 -82.70513   31.73163
 -71.09061   30.69460
 -80.88010   33.42064
 -85.48521   32.40738
 -81.62819   31.81531
 -74.54107   32.17262
 -70.98375   32.55772
 -93.38201   32.24964
 -79.29994   33.12185
 -67.02971   31.87946
 -65.31168   31.82370
 -61.46839   32.58333
 -80.37812   31.44865
 -59.20510   32.74915
 -57.86804   33.05637
 -72.84441   32.10156
 -61.28197   32.42449
 -82.85890   31.30764
 -57.01773   32.31308
 -52.07528   32.10387
 -72.20554   31.95597
 -64.40767   31.74983
 -66.12294   32.24831
 -85.57660   32.50347
 -71.26179   32.91099
 -63.37694   32.47770
 -72.33138   32.24413
 -61.62807   33.15681
 -75.05329   32.42057
 -80.89339   32.20536
 -85.08680   31.68282
 -67.15187   31.92936
 -85.91389   31.84049
 -59.04948   32.35994
 -65.02187   32.25768
 -75.01781   32.61420
 -78.69605   32.12696
 -68.27995   32.31068
 -41.86808   33.58166
 -54.20829   33.62282
 -76.68587   31.69186
 -53.08959   31.98070
 -48.49969   31.80564
 -76.17014   32.72912
 -67.67751   33.64945
 -56.14137   31.44165
 -70.81264   32.57612
 -66.96999   31.55520
 -51.56723   31.48578
 -55.79984   32.82034
 -57.88948   33.98483
 -65.41692   32.62957
 -71.51053   32.32747
 -56.29961   32.68008
 -67.54764   34.11576
 -76.50597   31.08319
 -91.98303   31.32614
 -73.54636   32.27417
 -68.16487   32.63845
 -68.40608   31.90377
 -72.97687   32.54756
 -62.05926   32.10339
 -57.63733   32.44384
 -59.31073   32.63094
 -69.14307   32.77064
 -69.87262   32.08030
 -76.29839   30.97417
 -57.26370   31.67323
 -75.77099   32.64331
 -85.09623   32.50146
 -68.02575   32.23683
 -70.22125   31.02145
 -62.39797   32.35217
 -72.90317   31.28724
 -75.58393   32.56720
 -88.84712   33.25977
 -73.69649   32.71070
